50	-27	43
51	-27	43
51	-27	44
51	-27	44
52	-28	44
52	-28	45
52	-28	45
52	-28	45
52	-28	45
52	-28	45
52	-28	45
53	-29	45
53	-30	45
53	-30	45
53	-30	46
51	-29	47
50	-29	47
51	-29	48
52	-29	49
53	-29	48
54	-29	49
55	-29	49
56	-29	48
56	-29	48
56	-29	48
56	-29	48
56	-29	48
56	-29	48
56	-29	48
55	-29	48
55	-28	47
56	-29	48
57	-28	47
58	-28	47
59	-28	47
60	-28	47
62	-28	47
63	-28	47
64	-28	47
65	-28	47
66	-28	47
67	-28	46
66	-28	45
65	-27	45
65	-27	45
65	-27	45
65	-27	45
65	-27	46
65	-28	47
65	-28	48
65	-28	48
65	-28	49
65	-29	50
65	-29	50
65	-29	51
65	-29	51
66	-30	52
67	-30	52
67	-30	52
66	-30	52
66	-30	52
65	-30	53
65	-30	52
65	-30	52
65	-30	52
65	-30	52
65	-30	52
65	-29	51
66	-29	51
66	-29	51
66	-29	51
67	-29	51
67	-29	51
67	-29	51
68	-29	50
69	-29	50
69	-29	49
69	-29	49
69	-28	48
69	-28	48
69	-28	47
69	-28	47
68	-28	46
67	-27	46
67	-27	46
67	-27	45
67	-27	45
67	-28	45
67	-28	46
67	-28	47
67	-28	47
67	-28	47
67	-28	47
67	-28	47
67	-28	48
67	-28	48
67	-28	48
67	-29	49
67	-29	49
67	-30	50
67	-30	50
67	-30	50
67	-30	50
67	-30	50
66	-30	50
66	-30	50
66	-30	50
66	-30	50
66	-29	50
65	-29	50
65	-29	50
65	-28	50
65	-28	50
66	-27	50
66	-28	50
67	-28	50
68	-28	50
69	-28	50
69	-28	50
70	-27	50
70	-27	50
69	-27	50
69	-27	50
69	-27	50
69	-27	50
69	-27	50
69	-27	50
69	-27	50
69	-27	50
69	-27	50
69	-27	51
69	-27	51
69	-27	51
69	-27	51
69	-27	51
69	-27	51
69	-27	51
69	-28	52
69	-28	52
67	-27	52
65	-27	52
65	-27	52
65	-27	52
65	-28	52
65	-28	53
65	-28	53
65	-28	53
65	-28	53
65	-28	53
65	-28	53
65	-28	53
65	-28	53
65	-28	53
65	-27	53
64	-26	52
64	-26	52
64	-26	52
64	-27	52
64	-27	52
50	-27	43
51	-27	43
51	-27	44
51	-27	44
51	-27	44
52	-28	44
52	-28	45
52	-28	45
52	-28	45
52	-28	45
52	-28	45
52	-29	45
53	-30	45
53	-30	45
52	-29	46
51	-29	47
50	-29	47
51	-29	48
52	-29	48
53	-29	48
54	-29	48
55	-29	48
56	-29	48
56	-29	48
56	-29	48
56	-29	48
56	-28	47
56	-28	48
56	-29	48
55	-28	47
55	-28	47
56	-28	47
57	-28	47
58	-28	47
59	-28	47
60	-28	47
62	-28	47
63	-28	47
64	-28	47
65	-28	47
66	-28	47
67	-28	46
66	-28	45
65	-27	45
65	-27	45
65	-27	45
65	-27	45
65	-27	46
65	-28	47
65	-28	48
65	-28	48
65	-28	49
65	-29	50
65	-29	50
65	-29	51
65	-29	51
66	-29	51
67	-30	52
66	-30	52
66	-30	52
65	-30	53
65	-30	53
65	-30	52
64	-30	52
64	-30	52
64	-30	52
65	-30	52
65	-29	51
65	-29	51
65	-29	51
66	-29	51
67	-30	52
67	-30	52
67	-30	52
68	-29	51
69	-29	50
69	-29	50
69	-29	49
69	-29	49
69	-28	48
69	-28	48
69	-28	47
68	-28	46
67	-27	46
67	-27	46
67	-27	45
67	-27	45
67	-28	46
67	-28	47
67	-28	47
67	-28	47
67	-28	47
67	-28	47
67	-28	48
67	-28	48
67	-28	48
67	-28	49
67	-29	49
67	-30	50
67	-30	50
67	-30	50
67	-30	50
67	-30	50
67	-30	50
66	-30	50
66	-30	50
66	-30	50
66	-30	50
66	-29	50
65	-29	50
65	-29	50
65	-28	50
66	-28	50
66	-27	50
67	-28	50
67	-28	50
68	-28	50
69	-28	50
69	-28	50
70	-27	50
70	-27	50
70	-27	50
69	-27	50
69	-27	50
69	-27	50
69	-27	50
69	-27	50
69	-27	50
69	-27	50
69	-27	51
69	-27	51
69	-27	51
69	-27	51
69	-27	51
69	-27	51
69	-27	51
69	-28	52
69	-28	52
69	-28	52
67	-27	52
65	-27	52
65	-27	52
65	-28	52
65	-28	53
65	-28	53
65	-28	53
65	-28	53
65	-28	53
65	-28	53
65	-28	53
65	-28	53
65	-28	53
65	-28	53
65	-27	53
64	-26	52
64	-26	52
64	-26	52
64	-26	52
64	-27	52
50	-27	43
50	-27	43
51	-27	43
51	-27	44
51	-28	44
52	-28	44
52	-28	44
52	-28	45
52	-28	45
52	-28	45
52	-28	45
52	-29	45
53	-30	45
53	-29	45
52	-30	46
50	-28	46
50	-29	47
51	-29	47
52	-28	47
53	-29	48
54	-28	47
55	-29	48
56	-28	47
56	-28	47
56	-29	47
56	-29	47
56	-28	47
56	-28	47
56	-29	47
56	-28	47
56	-28	47
56	-28	46
57	-28	47
58	-28	47
60	-28	47
61	-28	46
62	-28	46
63	-28	46
64	-28	46
65	-28	46
66	-28	46
66	-28	46
66	-28	45
65	-27	45
65	-27	45
65	-27	45
65	-27	45
65	-27	46
65	-27	47
65	-28	48
65	-28	48
65	-28	49
65	-29	50
65	-29	50
65	-29	51
65	-29	51
66	-30	52
66	-30	52
66	-30	52
65	-30	53
65	-30	52
64	-30	52
64	-30	52
63	-30	52
63	-29	51
63	-29	51
64	-29	51
64	-29	51
65	-29	51
65	-29	51
66	-29	52
67	-30	52
67	-30	52
67	-29	52
68	-29	51
69	-29	50
69	-29	50
69	-29	49
69	-29	49
69	-28	48
69	-28	48
68	-28	46
68	-28	46
67	-28	46
67	-28	46
67	-28	46
67	-28	46
67	-27	46
67	-28	47
67	-28	47
67	-28	47
67	-28	47
67	-28	47
67	-28	48
67	-28	48
67	-28	48
67	-29	49
67	-29	49
67	-30	50
67	-30	50
67	-30	50
67	-30	50
66	-30	50
66	-30	50
66	-30	50
66	-30	50
66	-30	50
66	-30	50
65	-29	50
65	-29	50
65	-29	50
65	-29	50
66	-28	50
66	-28	50
67	-28	50
68	-28	50
69	-28	50
69	-28	50
70	-28	50
70	-27	50
70	-27	50
70	-27	50
70	-27	50
69	-27	50
69	-27	50
69	-27	50
69	-27	50
69	-27	50
69	-27	50
69	-27	50
69	-27	51
69	-27	51
69	-27	51
69	-27	51
69	-27	51
69	-27	51
69	-27	51
69	-28	52
69	-28	52
67	-27	52
65	-27	52
65	-27	52
65	-27	52
65	-28	53
65	-28	53
65	-28	52
65	-28	52
65	-28	52
65	-28	52
64	-28	52
64	-28	53
64	-28	53
64	-28	53
64	-27	53
64	-26	52
64	-26	52
63	-26	52
63	-27	52
63	-27	52
50	-27	43
50	-27	43
50	-27	43
50	-27	43
51	-28	44
51	-28	44
51	-28	44
51	-28	44
51	-28	44
52	-28	45
52	-28	45
52	-29	45
52	-29	45
52	-29	45
52	-29	45
50	-28	46
51	-28	46
51	-28	47
52	-28	47
54	-28	47
54	-28	47
55	-28	46
56	-28	47
56	-28	47
56	-28	47
56	-28	46
56	-28	46
56	-28	47
56	-28	47
56	-28	46
56	-28	46
57	-28	46
58	-28	46
58	-28	46
60	-28	46
61	-28	46
62	-28	46
63	-28	46
64	-28	46
65	-28	46
66	-28	46
66	-28	46
66	-28	45
65	-27	45
65	-27	45
65	-27	45
65	-27	45
65	-27	46
65	-27	46
65	-28	47
65	-28	48
65	-28	48
65	-28	49
65	-29	50
65	-29	51
65	-29	51
65	-30	51
65	-30	52
65	-30	52
65	-30	52
64	-30	52
63	-29	52
63	-30	52
63	-29	52
62	-29	51
63	-29	51
63	-29	51
64	-29	51
64	-29	51
64	-29	51
65	-30	51
66	-29	52
67	-30	52
67	-30	52
68	-29	51
69	-29	50
69	-29	50
69	-29	49
69	-29	49
69	-28	49
69	-28	48
68	-28	47
68	-28	46
67	-28	47
67	-28	47
67	-28	47
67	-28	47
67	-28	47
67	-28	47
67	-28	47
67	-28	47
67	-28	47
66	-28	48
66	-28	48
66	-28	48
66	-28	48
67	-29	49
67	-29	49
67	-29	50
66	-30	50
66	-30	50
66	-30	50
66	-30	50
66	-30	50
66	-30	50
66	-30	50
66	-30	50
65	-30	50
65	-29	50
65	-29	50
65	-29	50
65	-28	50
66	-28	50
67	-28	50
67	-28	50
68	-28	50
69	-28	50
69	-28	50
70	-28	50
70	-27	50
70	-27	50
70	-27	50
70	-27	50
70	-27	50
70	-27	50
69	-27	50
69	-27	50
69	-27	50
69	-27	50
69	-27	51
69	-27	51
69	-27	51
69	-27	51
68	-27	51
68	-27	51
68	-27	51
68	-27	51
68	-27	52
68	-27	52
66	-28	52
64	-28	52
64	-28	52
64	-28	52
65	-28	52
65	-28	52
64	-28	52
64	-28	52
64	-28	52
64	-28	52
64	-28	53
64	-28	53
64	-28	53
64	-28	53
64	-27	53
64	-26	52
63	-26	52
63	-26	52
63	-26	52
62	-27	52
50	-27	43
50	-27	43
50	-27	43
50	-27	43
50	-28	44
51	-28	44
51	-28	44
51	-28	44
51	-28	45
51	-28	45
51	-28	45
52	-29	45
52	-30	45
52	-30	45
52	-29	45
50	-28	45
51	-28	46
52	-28	46
52	-28	46
54	-28	46
54	-28	46
55	-28	46
56	-28	46
56	-28	46
56	-28	46
56	-28	46
56	-28	45
56	-28	46
56	-28	46
56	-28	46
57	-28	46
57	-28	46
58	-28	46
59	-28	46
60	-28	46
61	-28	46
62	-28	46
63	-28	46
64	-28	46
65	-28	46
65	-28	46
66	-28	45
65	-27	44
65	-27	45
65	-27	45
65	-27	45
65	-27	45
65	-27	45
65	-27	46
65	-28	47
65	-28	48
65	-28	48
65	-28	49
65	-29	50
65	-29	51
65	-29	51
65	-29	51
65	-29	51
65	-30	52
64	-30	52
64	-30	52
63	-30	52
62	-29	51
62	-29	51
62	-29	51
62	-29	51
63	-29	51
63	-29	50
63	-29	50
64	-29	51
65	-29	51
66	-29	51
67	-30	52
67	-29	52
68	-29	51
68	-29	50
69	-29	50
69	-29	49
69	-28	49
69	-28	48
68	-28	48
68	-28	46
67	-28	47
67	-28	47
67	-28	47
67	-28	47
67	-28	47
67	-28	47
67	-28	47
67	-28	47
67	-28	47
66	-28	47
66	-28	48
66	-28	48
66	-29	49
66	-29	49
66	-29	49
66	-29	49
66	-30	50
66	-30	50
66	-30	50
66	-30	50
66	-30	50
66	-30	50
66	-30	50
66	-30	50
65	-30	50
65	-30	50
65	-29	50
65	-29	50
65	-29	50
65	-28	50
66	-27	50
67	-28	50
67	-28	50
68	-28	50
69	-28	50
69	-28	50
70	-28	50
70	-27	50
70	-27	50
70	-27	50
70	-27	50
70	-27	50
70	-27	50
69	-27	50
69	-27	50
69	-27	50
69	-27	50
69	-27	50
69	-27	51
68	-27	51
68	-27	51
68	-27	51
67	-27	51
67	-27	51
67	-27	52
67	-27	52
67	-27	52
66	-28	52
64	-27	52
64	-27	52
64	-27	52
64	-28	52
64	-28	53
64	-28	53
64	-28	53
64	-28	53
63	-28	52
63	-28	52
63	-28	53
63	-28	53
63	-28	53
63	-27	53
64	-26	52
63	-26	52
63	-26	52
62	-27	52
62	-27	52
49	-27	42
49	-26	43
50	-27	43
50	-27	43
50	-28	43
50	-28	44
50	-28	44
51	-28	44
51	-28	45
51	-28	45
51	-28	45
51	-29	45
52	-29	45
52	-29	45
51	-29	45
51	-28	45
51	-28	45
52	-28	46
52	-28	46
54	-28	45
54	-28	45
55	-28	46
56	-28	45
56	-28	45
56	-28	46
56	-28	46
56	-28	45
56	-28	46
56	-28	46
57	-28	46
58	-28	46
58	-28	46
59	-28	46
60	-28	46
60	-28	46
61	-28	46
62	-28	45
63	-28	46
64	-28	46
65	-28	45
65	-28	45
66	-28	45
65	-28	45
65	-27	44
65	-27	44
65	-27	44
65	-27	44
65	-27	45
65	-28	46
65	-28	47
65	-28	47
65	-28	48
65	-28	49
65	-29	49
65	-29	50
65	-29	51
65	-29	51
65	-29	51
64	-30	52
64	-30	52
63	-29	52
63	-29	52
62	-29	51
62	-29	51
62	-29	51
62	-29	51
63	-29	50
63	-29	50
63	-29	50
63	-29	50
65	-29	51
66	-29	51
67	-30	52
67	-30	52
68	-29	51
68	-29	50
69	-29	50
69	-29	49
69	-29	49
69	-29	48
68	-28	48
67	-28	47
67	-28	47
67	-28	47
67	-28	47
66	-28	46
66	-28	46
66	-28	47
66	-28	47
66	-28	47
66	-28	47
66	-28	47
66	-28	47
66	-28	48
66	-28	49
66	-29	49
66	-29	49
66	-29	49
66	-30	50
66	-30	50
66	-30	50
66	-29	50
66	-30	50
65	-29	50
65	-30	50
65	-30	50
65	-29	50
65	-30	50
65	-29	50
64	-29	50
64	-29	50
65	-28	50
66	-28	50
67	-28	50
67	-28	49
68	-28	49
69	-27	49
69	-27	49
70	-27	49
70	-27	49
70	-27	49
70	-27	49
70	-27	49
70	-27	49
69	-27	49
69	-27	49
69	-27	50
69	-27	50
69	-27	50
69	-27	51
68	-27	51
68	-27	51
67	-27	51
67	-27	51
67	-27	51
66	-27	51
66	-28	52
66	-27	52
66	-27	52
65	-28	52
63	-27	52
63	-27	52
63	-28	52
63	-28	52
63	-28	52
63	-28	52
63	-28	52
63	-28	52
63	-28	53
63	-28	53
63	-28	53
63	-28	53
63	-28	53
63	-27	53
63	-26	52
63	-26	52
62	-26	52
61	-26	52
61	-27	52
49	-27	42
49	-27	43
49	-27	43
49	-27	43
50	-28	44
50	-28	44
50	-28	44
50	-28	44
50	-28	44
51	-28	44
51	-28	44
50	-28	44
51	-29	44
51	-29	44
51	-29	45
50	-28	44
51	-28	45
52	-28	45
52	-28	45
54	-28	45
54	-28	45
55	-28	45
56	-27	45
56	-27	45
56	-28	45
56	-28	45
56	-28	45
56	-28	45
56	-28	45
58	-28	46
58	-28	45
58	-28	45
59	-28	45
60	-28	45
61	-28	45
62	-28	45
63	-28	45
63	-28	45
64	-28	45
65	-28	45
65	-28	45
65	-28	45
65	-27	44
65	-27	44
65	-27	44
65	-27	44
65	-27	45
65	-27	45
65	-27	46
65	-27	46
65	-28	47
65	-28	48
65	-28	49
65	-28	49
65	-29	50
65	-29	50
65	-29	51
65	-29	51
64	-29	51
63	-29	51
63	-29	51
62	-29	51
62	-29	51
62	-29	51
62	-29	51
62	-29	50
62	-29	50
63	-29	49
63	-29	50
63	-29	50
65	-29	51
66	-29	51
67	-30	52
67	-30	52
67	-29	51
68	-29	51
69	-29	50
69	-29	49
69	-29	48
68	-28	48
68	-28	48
67	-28	47
67	-28	47
67	-27	46
66	-28	46
66	-27	46
66	-27	46
66	-28	46
66	-28	47
66	-28	47
66	-28	47
66	-28	47
65	-28	48
65	-28	48
65	-28	49
66	-29	49
66	-29	49
66	-29	49
66	-29	50
65	-29	49
65	-29	49
65	-29	50
65	-29	50
65	-29	49
65	-29	49
65	-29	49
65	-30	50
64	-29	49
64	-29	50
64	-29	50
64	-29	49
64	-28	49
65	-28	49
66	-27	49
67	-28	49
67	-27	49
68	-27	49
69	-27	49
69	-27	49
70	-27	49
70	-27	49
70	-27	49
69	-27	49
69	-27	49
69	-27	49
69	-27	49
69	-27	50
69	-27	50
69	-27	50
68	-27	50
68	-27	51
67	-27	51
67	-27	51
67	-27	51
66	-27	51
66	-27	51
66	-28	52
65	-27	52
65	-27	52
64	-28	52
63	-27	52
63	-27	52
63	-27	52
63	-28	53
63	-28	53
63	-28	53
63	-28	52
63	-28	52
63	-28	52
63	-28	53
63	-28	53
62	-28	53
62	-28	53
63	-27	52
63	-26	52
63	-26	52
62	-26	52
61	-26	52
60	-26	51
48	-26	42
49	-27	42
49	-27	43
49	-27	43
49	-28	44
49	-28	44
50	-28	44
50	-28	44
50	-28	44
50	-28	44
50	-28	44
50	-28	44
50	-29	44
50	-29	44
50	-29	44
50	-28	44
51	-27	45
52	-27	45
53	-28	45
54	-27	44
54	-27	45
55	-27	44
56	-27	44
56	-27	44
56	-28	45
56	-28	45
56	-27	44
56	-27	45
57	-27	45
58	-27	45
58	-28	45
59	-28	45
60	-28	45
60	-28	45
61	-28	45
62	-28	45
63	-28	45
64	-28	45
64	-28	45
65	-28	45
65	-28	45
65	-28	44
65	-27	44
64	-26	43
64	-26	43
64	-26	44
64	-26	44
65	-27	45
65	-27	45
65	-27	46
65	-28	47
65	-28	48
65	-28	49
65	-28	49
65	-28	49
65	-28	49
65	-29	50
65	-29	51
64	-29	51
63	-29	50
63	-29	51
62	-29	50
62	-29	50
62	-29	50
62	-29	50
62	-29	50
63	-29	50
63	-29	50
63	-29	50
64	-29	50
65	-29	51
65	-29	51
66	-30	51
67	-29	51
67	-29	51
68	-29	50
68	-29	50
68	-28	49
68	-28	48
68	-28	48
67	-28	47
67	-28	47
67	-28	47
67	-28	47
66	-27	46
66	-27	45
66	-27	45
65	-28	46
65	-28	47
65	-28	47
65	-28	47
65	-28	48
65	-28	48
65	-28	48
65	-28	48
65	-29	49
65	-29	49
65	-29	49
65	-29	49
65	-29	49
65	-29	49
65	-29	49
65	-29	49
65	-29	49
65	-29	49
64	-29	49
64	-29	49
64	-29	49
64	-29	49
63	-29	49
63	-29	49
64	-28	49
65	-28	49
66	-27	49
66	-27	49
67	-27	49
67	-27	49
68	-27	49
69	-27	49
69	-27	49
69	-27	49
69	-27	49
69	-27	49
69	-27	49
69	-26	49
69	-27	49
69	-27	50
69	-27	50
68	-27	50
68	-27	50
67	-27	51
67	-27	51
67	-27	51
66	-27	51
66	-27	51
65	-27	51
65	-28	52
65	-27	52
65	-27	52
63	-27	52
62	-28	52
62	-28	52
62	-28	52
62	-28	52
62	-28	52
62	-28	52
62	-28	52
62	-28	52
62	-28	52
62	-28	52
62	-28	53
62	-28	53
62	-28	53
62	-27	53
63	-26	52
62	-26	52
61	-26	52
60	-26	51
59	-26	52
48	-27	42
48	-27	42
49	-27	43
49	-27	43
49	-28	43
49	-28	44
49	-28	44
50	-28	44
50	-28	44
50	-28	44
50	-28	44
50	-28	44
50	-29	44
50	-29	44
50	-29	44
50	-28	44
51	-27	44
52	-27	45
53	-27	44
54	-27	44
54	-27	44
55	-27	44
56	-27	44
56	-27	44
57	-27	44
57	-27	44
56	-27	44
56	-27	44
57	-27	44
58	-27	44
59	-27	44
60	-28	45
60	-28	45
61	-28	45
61	-28	45
62	-28	45
63	-28	45
64	-28	45
64	-28	45
65	-28	45
65	-28	45
65	-27	44
65	-27	44
64	-26	43
64	-26	43
64	-27	43
64	-27	44
64	-27	44
64	-27	44
65	-27	45
65	-28	46
64	-28	47
64	-28	47
64	-28	48
65	-29	49
65	-29	49
65	-29	50
65	-29	50
64	-29	50
64	-29	50
63	-29	50
63	-29	50
62	-29	50
62	-29	50
62	-29	50
62	-29	49
63	-29	49
63	-29	49
63	-29	49
64	-29	50
65	-29	51
65	-29	51
66	-29	51
66	-29	50
67	-29	50
67	-29	50
68	-29	49
68	-28	48
68	-28	48
68	-28	48
67	-28	47
67	-28	47
67	-28	47
66	-28	46
66	-28	46
65	-27	45
65	-27	45
65	-28	46
65	-28	46
65	-28	46
65	-28	47
65	-28	48
65	-28	48
65	-28	48
65	-28	48
65	-28	49
65	-29	49
65	-29	49
65	-29	49
65	-29	49
65	-29	49
65	-29	49
64	-29	49
64	-29	49
64	-29	49
64	-29	49
64	-29	49
64	-29	49
63	-29	49
63	-29	49
63	-29	49
64	-28	50
65	-28	49
65	-28	49
66	-27	49
66	-27	49
67	-27	49
67	-27	49
68	-27	49
69	-26	49
69	-26	49
69	-26	49
69	-26	49
68	-27	49
68	-27	49
68	-27	49
68	-27	49
68	-27	50
68	-27	50
67	-27	50
67	-27	51
67	-27	51
66	-27	51
66	-27	51
65	-27	51
65	-27	51
64	-27	51
64	-27	52
63	-27	52
63	-27	52
61	-27	52
61	-27	52
62	-28	52
62	-28	52
62	-28	52
62	-28	52
61	-28	52
61	-28	52
61	-28	52
61	-28	52
61	-28	53
61	-28	53
61	-28	53
62	-27	52
62	-26	52
61	-26	52
61	-26	52
59	-26	52
58	-26	52
48	-26	42
48	-27	42
48	-27	43
48	-27	43
49	-28	43
49	-28	43
49	-28	43
49	-28	43
49	-28	44
50	-28	44
50	-28	44
50	-28	44
50	-29	44
50	-29	44
50	-28	44
50	-28	44
51	-27	44
52	-27	44
53	-27	44
54	-27	43
54	-27	44
56	-27	44
56	-27	44
57	-27	43
57	-27	44
57	-27	44
56	-27	44
56	-27	44
57	-27	44
58	-27	43
59	-27	44
60	-28	45
60	-27	44
61	-27	45
61	-28	45
62	-28	45
63	-27	44
63	-27	44
64	-27	44
65	-28	45
65	-28	45
65	-27	44
65	-27	43
64	-26	43
64	-26	43
64	-26	43
64	-27	44
64	-27	44
64	-27	45
64	-27	45
64	-27	46
65	-28	47
64	-28	47
64	-28	48
64	-28	49
65	-29	49
65	-29	50
65	-29	50
65	-29	50
64	-29	49
64	-29	50
63	-29	50
63	-29	50
63	-29	50
63	-29	50
63	-29	49
63	-29	49
64	-28	49
64	-29	49
65	-29	50
65	-29	50
65	-29	51
65	-29	51
66	-29	51
67	-29	50
67	-29	50
68	-29	49
68	-29	49
68	-28	48
67	-28	47
67	-28	47
67	-28	47
66	-28	46
66	-27	46
66	-27	46
65	-27	45
65	-27	45
65	-27	45
65	-27	46
65	-28	46
65	-28	47
65	-28	47
65	-28	48
65	-28	48
65	-28	48
65	-28	49
65	-28	49
65	-29	49
65	-29	49
65	-29	49
65	-29	49
64	-29	49
64	-29	49
64	-29	49
64	-29	49
64	-29	49
64	-29	49
63	-29	49
63	-29	49
63	-28	49
63	-28	49
63	-28	49
64	-27	49
65	-27	49
65	-27	49
66	-27	49
66	-27	49
67	-27	49
67	-27	49
68	-27	49
68	-26	48
68	-26	48
67	-26	48
67	-27	49
67	-26	49
67	-27	49
68	-27	50
68	-27	50
68	-27	50
67	-27	50
67	-27	51
66	-27	51
66	-27	51
65	-27	51
65	-27	51
64	-27	51
63	-27	51
63	-27	52
63	-27	52
62	-28	52
61	-27	52
61	-27	52
61	-27	52
61	-28	52
61	-28	52
61	-28	52
61	-28	52
61	-28	52
61	-28	52
61	-28	52
61	-28	53
61	-28	53
61	-28	53
61	-27	53
62	-26	52
61	-26	52
60	-26	52
59	-26	52
57	-26	51
48	-27	42
48	-27	42
48	-27	42
48	-27	42
48	-27	43
48	-27	42
49	-27	43
49	-27	43
49	-28	44
49	-28	44
49	-28	44
49	-28	44
50	-29	43
50	-29	43
50	-28	44
50	-28	44
51	-27	43
52	-27	43
53	-27	43
54	-27	43
55	-27	43
56	-27	43
56	-27	43
57	-27	43
57	-27	43
57	-27	43
57	-27	43
57	-27	43
57	-27	44
59	-27	44
60	-27	44
60	-27	44
60	-27	44
61	-27	44
61	-27	44
62	-27	44
63	-27	44
63	-27	44
64	-27	44
65	-27	44
65	-28	45
65	-28	44
65	-27	44
64	-26	43
64	-26	43
64	-26	43
64	-26	44
64	-27	45
64	-27	45
64	-27	45
64	-27	45
64	-27	46
64	-28	47
64	-28	48
64	-28	49
64	-28	49
65	-29	49
66	-29	49
65	-29	49
65	-29	49
64	-29	49
64	-29	49
63	-29	49
63	-29	49
63	-29	49
63	-28	49
64	-28	49
64	-28	48
65	-29	49
65	-29	49
65	-29	50
65	-29	50
65	-29	51
66	-29	50
67	-29	50
67	-29	50
68	-29	49
68	-29	49
67	-28	48
67	-28	48
67	-28	47
67	-28	47
66	-28	46
66	-28	46
65	-27	45
65	-27	45
65	-27	46
65	-27	46
65	-27	46
65	-28	46
65	-28	47
65	-28	48
64	-28	47
64	-28	47
64	-28	48
64	-28	49
64	-28	49
64	-29	48
64	-29	48
64	-29	49
64	-29	49
64	-29	49
64	-29	49
64	-29	49
64	-29	49
64	-29	49
63	-29	49
63	-29	49
63	-29	48
63	-28	49
63	-28	49
63	-28	49
63	-28	49
64	-27	49
64	-27	49
65	-27	49
66	-27	49
66	-27	49
67	-27	48
67	-27	48
67	-27	48
67	-26	48
67	-26	49
67	-27	48
66	-26	48
67	-27	49
68	-27	49
68	-27	50
68	-27	50
67	-28	50
67	-27	51
66	-27	51
65	-27	51
65	-27	51
64	-27	51
63	-27	51
63	-27	51
63	-27	52
62	-28	52
62	-27	52
61	-27	52
61	-27	52
61	-28	52
61	-28	52
61	-28	52
61	-28	52
61	-28	52
61	-28	52
61	-28	52
61	-28	52
61	-28	53
61	-28	53
61	-28	53
61	-27	53
62	-26	52
61	-26	52
60	-26	51
58	-26	52
57	-26	51
47	-26	42
47	-26	42
47	-26	42
48	-27	42
48	-26	43
48	-26	42
48	-27	42
49	-27	43
49	-27	43
49	-28	43
49	-28	44
49	-28	44
49	-28	43
49	-28	43
50	-28	43
50	-28	43
51	-27	43
52	-27	43
53	-27	43
54	-27	43
55	-27	43
56	-27	43
56	-27	43
57	-27	43
57	-27	43
57	-27	43
57	-27	43
57	-27	43
57	-27	44
59	-27	44
60	-27	44
60	-27	44
60	-27	44
61	-27	44
61	-27	44
62	-27	44
63	-27	44
63	-27	44
64	-27	44
65	-27	44
65	-28	45
65	-28	45
65	-27	44
64	-26	43
64	-26	43
64	-26	43
64	-26	44
64	-27	45
64	-27	45
64	-27	45
64	-27	45
64	-27	46
64	-28	47
64	-28	47
64	-28	49
64	-28	49
65	-29	49
66	-28	48
65	-28	49
65	-29	49
65	-29	49
64	-29	49
63	-29	49
63	-29	49
63	-28	49
64	-28	49
64	-28	48
64	-28	49
65	-28	49
65	-29	49
65	-29	50
65	-29	50
65	-29	50
66	-29	50
67	-29	50
67	-29	49
68	-29	49
68	-29	49
67	-28	48
67	-28	48
67	-28	47
67	-28	47
66	-28	47
66	-28	46
65	-27	46
65	-27	46
65	-27	46
65	-27	46
65	-27	46
65	-28	46
65	-28	47
65	-28	48
64	-28	47
64	-28	47
64	-28	48
64	-28	49
64	-28	49
64	-29	48
64	-29	48
64	-29	49
64	-29	49
64	-29	49
64	-29	49
64	-29	49
64	-29	49
63	-29	49
63	-29	49
63	-29	49
63	-29	49
63	-28	49
63	-28	49
63	-28	49
63	-28	49
63	-28	49
64	-27	49
65	-27	49
65	-27	49
66	-27	49
66	-27	49
67	-27	48
67	-27	49
67	-27	49
66	-26	48
66	-26	48
66	-26	48
67	-27	49
68	-27	49
68	-27	49
68	-28	50
67	-27	50
67	-27	50
66	-28	51
65	-28	51
65	-27	51
64	-27	51
63	-28	51
63	-28	51
63	-28	52
62	-28	52
61	-27	52
61	-27	52
61	-28	52
61	-28	52
61	-28	52
61	-28	52
61	-28	52
61	-28	52
61	-28	52
61	-28	53
61	-28	53
61	-28	53
61	-28	53
61	-28	53
61	-28	53
62	-27	52
61	-26	52
60	-26	52
58	-26	52
57	-26	52
47	-26	41
48	-26	42
48	-26	42
48	-26	42
48	-26	42
47	-26	42
48	-26	42
48	-27	42
49	-27	43
49	-27	42
50	-28	44
50	-28	43
50	-27	42
49	-27	42
50	-28	43
50	-27	43
51	-27	43
52	-27	43
53	-27	43
54	-27	43
55	-27	43
56	-27	43
56	-27	43
57	-27	43
57	-27	43
57	-27	43
57	-27	43
57	-27	43
57	-27	44
58	-27	44
59	-27	44
60	-27	44
60	-27	44
60	-27	44
61	-28	45
61	-27	44
62	-27	44
63	-28	44
64	-28	44
64	-28	44
65	-28	45
65	-28	45
65	-27	44
64	-27	44
64	-27	44
64	-27	44
64	-27	44
64	-27	45
64	-27	45
64	-27	45
64	-28	46
64	-28	46
64	-28	47
64	-28	47
64	-28	48
64	-28	48
65	-28	48
65	-28	48
65	-29	49
65	-29	49
65	-29	49
64	-29	49
64	-29	49
64	-28	49
64	-28	49
64	-28	49
64	-29	49
64	-28	48
64	-28	49
65	-29	49
65	-28	49
65	-29	50
65	-28	49
65	-28	49
66	-29	49
67	-29	49
67	-28	49
67	-28	48
67	-28	48
67	-28	47
67	-28	47
67	-28	47
66	-28	47
66	-28	47
66	-27	46
65	-27	46
65	-28	47
65	-28	47
65	-28	46
65	-27	46
65	-28	47
65	-28	48
65	-28	48
64	-28	47
64	-28	48
64	-28	49
64	-29	48
64	-29	49
64	-29	49
64	-29	49
64	-30	50
64	-30	50
64	-29	49
64	-29	49
64	-30	50
63	-30	49
63	-30	50
63	-30	49
63	-29	49
63	-29	49
63	-29	49
63	-29	50
62	-29	49
62	-28	49
63	-28	50
63	-28	49
64	-28	49
65	-28	49
65	-28	49
66	-28	49
66	-27	49
67	-27	49
67	-27	49
67	-27	49
67	-27	49
67	-27	49
67	-27	49
67	-27	49
67	-28	49
67	-27	50
66	-28	50
65	-28	50
65	-28	51
64	-28	51
63	-28	51
63	-28	51
62	-28	51
62	-28	51
62	-29	52
61	-28	52
60	-28	52
60	-28	52
60	-29	52
60	-28	52
60	-28	52
60	-29	53
60	-28	52
60	-28	53
60	-29	53
60	-29	53
60	-28	53
60	-28	53
60	-28	53
60	-28	53
60	-28	53
60	-27	52
59	-27	52
58	-27	52
57	-27	52
48	-25	41
49	-25	41
49	-26	41
48	-26	42
48	-26	42
47	-26	41
48	-26	42
48	-26	42
49	-26	42
50	-26	42
51	-27	43
51	-27	43
50	-26	42
50	-26	43
50	-27	43
50	-27	43
51	-27	43
52	-27	43
53	-27	43
54	-27	43
55	-27	43
56	-27	43
56	-27	44
57	-27	43
57	-27	43
57	-27	43
57	-27	43
57	-27	43
57	-27	43
57	-27	44
58	-27	44
58	-27	44
59	-27	44
59	-27	44
60	-28	45
61	-28	45
61	-28	45
62	-28	45
63	-28	45
64	-28	45
64	-28	45
64	-28	45
64	-28	45
64	-27	45
64	-27	45
64	-27	45
64	-27	45
64	-27	45
64	-27	45
64	-27	46
64	-28	47
64	-28	47
64	-28	47
64	-28	48
64	-28	48
64	-28	48
64	-28	48
65	-28	48
65	-28	49
65	-28	49
65	-29	49
64	-28	49
64	-29	49
64	-28	48
64	-28	49
64	-28	49
64	-28	49
64	-28	49
63	-29	49
63	-29	49
64	-29	49
65	-29	49
65	-28	49
65	-28	48
65	-28	49
65	-28	48
65	-28	48
65	-28	48
66	-28	47
66	-28	47
66	-28	48
66	-28	47
66	-28	47
66	-28	47
66	-28	47
66	-28	47
66	-28	47
66	-28	47
65	-28	47
65	-28	47
65	-28	48
65	-28	48
65	-28	48
65	-28	48
64	-28	47
64	-28	48
64	-29	48
64	-29	49
64	-30	49
64	-30	50
64	-30	50
64	-30	50
64	-29	49
64	-30	50
64	-30	50
64	-30	50
63	-30	50
63	-30	50
63	-29	50
63	-29	49
63	-29	50
62	-29	50
61	-29	50
61	-29	49
62	-29	50
62	-29	50
63	-28	49
64	-29	50
65	-29	50
65	-28	49
66	-28	49
67	-27	50
67	-27	49
67	-27	49
68	-27	49
67	-27	49
67	-27	49
67	-28	49
67	-29	49
66	-28	49
65	-27	50
65	-28	50
64	-29	50
63	-28	50
63	-29	51
62	-29	51
62	-29	51
61	-28	51
61	-29	51
60	-28	51
58	-28	52
58	-29	52
59	-30	52
58	-28	52
59	-29	53
59	-29	52
59	-29	53
59	-29	53
59	-29	53
59	-30	53
60	-29	53
60	-29	53
60	-29	53
58	-29	53
57	-29	53
57	-28	52
58	-28	52
58	-28	52
58	-28	52
47	-24	41
48	-25	41
48	-25	41
47	-26	41
47	-26	42
46	-27	41
47	-26	42
48	-26	42
49	-26	42
50	-26	42
51	-26	42
51	-27	42
50	-27	42
50	-26	42
50	-27	43
50	-27	43
51	-27	43
52	-27	43
53	-27	43
54	-27	43
55	-27	43
56	-27	43
56	-27	43
56	-27	44
57	-27	43
57	-27	43
57	-27	43
56	-27	44
57	-27	44
57	-27	44
58	-27	44
58	-28	45
59	-28	45
59	-28	45
60	-28	45
61	-28	45
61	-28	45
62	-28	45
63	-28	45
63	-28	45
64	-28	45
64	-28	45
64	-27	45
64	-27	45
64	-27	45
64	-27	45
64	-27	46
64	-27	46
64	-27	46
64	-27	46
64	-28	47
64	-28	47
64	-28	47
64	-28	48
64	-28	48
64	-28	48
64	-28	48
65	-28	48
64	-28	47
64	-28	48
64	-28	49
64	-28	49
64	-28	48
64	-28	48
64	-28	49
63	-28	49
63	-28	49
63	-29	49
63	-29	49
63	-29	49
64	-28	48
65	-28	48
65	-28	48
65	-28	48
65	-28	48
65	-28	48
65	-28	48
65	-28	48
66	-28	47
66	-28	47
66	-28	47
66	-28	48
66	-28	48
66	-28	48
66	-28	47
66	-28	47
66	-28	48
66	-28	47
66	-28	47
65	-28	47
65	-28	48
65	-28	48
65	-28	48
64	-28	47
64	-28	47
64	-28	48
64	-29	48
64	-29	49
64	-30	49
64	-30	50
64	-30	50
64	-30	50
64	-30	50
64	-30	50
64	-30	50
63	-30	50
63	-30	50
63	-30	50
63	-30	50
63	-30	50
63	-30	50
62	-30	51
61	-30	50
61	-29	50
61	-29	50
62	-29	50
63	-29	50
63	-29	50
64	-29	50
65	-29	50
66	-29	50
67	-29	50
67	-28	50
67	-27	49
68	-28	49
67	-27	49
67	-28	49
67	-28	49
66	-29	49
65	-28	49
65	-28	49
64	-28	49
64	-29	50
63	-28	50
63	-28	50
62	-29	51
61	-29	51
61	-29	51
61	-29	51
60	-29	51
58	-29	52
58	-30	52
58	-30	52
58	-29	53
58	-29	53
58	-29	53
59	-30	53
59	-29	53
59	-30	53
59	-30	53
59	-29	53
59	-29	53
59	-29	53
58	-29	53
56	-29	53
57	-29	53
58	-29	52
58	-28	52
57	-28	51
47	-24	41
47	-25	41
47	-25	41
46	-25	41
45	-26	41
45	-26	41
46	-26	41
47	-26	41
48	-26	41
49	-26	42
50	-27	42
50	-27	42
50	-26	42
50	-26	42
49	-26	42
50	-26	43
51	-27	43
52	-27	43
52	-27	43
54	-27	43
54	-27	43
55	-27	44
56	-27	44
56	-27	44
56	-27	44
56	-27	44
56	-27	44
56	-27	44
56	-27	44
57	-27	44
58	-28	45
58	-28	45
59	-28	45
59	-28	45
60	-28	45
60	-28	45
61	-28	45
62	-28	45
63	-28	45
63	-28	45
64	-28	45
64	-28	45
64	-27	46
63	-27	46
63	-27	46
64	-27	46
64	-28	46
64	-28	47
64	-28	47
64	-28	47
64	-28	47
64	-28	47
64	-28	47
64	-28	47
64	-28	48
64	-28	48
64	-28	48
64	-28	47
64	-28	47
64	-28	48
64	-28	48
64	-28	48
64	-28	49
64	-28	49
63	-28	49
63	-28	49
63	-29	49
63	-29	49
63	-29	49
63	-29	49
64	-28	48
64	-28	47
64	-28	47
65	-28	48
65	-28	48
65	-28	48
65	-28	48
65	-28	48
65	-28	48
65	-28	48
66	-28	47
66	-28	47
66	-28	47
66	-28	47
66	-28	47
66	-28	47
66	-28	47
66	-28	47
66	-28	47
65	-28	48
65	-28	48
65	-28	48
64	-28	47
64	-28	47
64	-28	48
64	-28	48
64	-28	48
64	-29	49
64	-29	49
64	-30	50
64	-31	50
64	-31	51
64	-30	50
64	-30	50
63	-30	50
63	-30	50
63	-30	50
63	-30	50
63	-30	50
63	-30	50
63	-30	50
62	-30	51
61	-30	50
61	-30	50
62	-30	50
62	-29	50
63	-29	50
63	-29	50
64	-29	50
65	-29	50
66	-29	50
66	-29	50
67	-28	50
67	-28	50
67	-28	50
67	-28	50
67	-28	49
66	-29	49
66	-29	49
65	-29	49
65	-29	49
64	-29	49
63	-29	49
63	-29	50
62	-29	50
62	-29	50
61	-29	51
61	-29	51
61	-29	51
59	-29	52
58	-30	52
58	-30	52
58	-30	52
58	-30	52
58	-30	52
58	-30	52
58	-29	53
58	-30	53
58	-30	53
59	-30	53
59	-30	53
59	-30	53
59	-30	53
58	-30	53
56	-30	53
57	-29	52
57	-29	52
57	-28	52
57	-28	51
47	-25	41
46	-25	41
45	-25	41
44	-26	41
44	-26	42
43	-26	41
45	-26	41
46	-26	41
47	-26	41
49	-26	42
50	-26	42
50	-26	42
50	-26	42
49	-26	42
49	-26	42
50	-26	43
50	-27	43
51	-27	43
52	-27	43
53	-27	43
54	-27	44
55	-27	44
56	-27	43
56	-27	44
56	-27	44
56	-27	44
56	-27	44
56	-27	44
56	-27	44
57	-27	44
57	-28	45
58	-28	45
58	-28	45
59	-28	46
59	-28	46
60	-28	46
61	-28	46
61	-28	45
62	-28	45
63	-28	45
63	-28	45
63	-28	46
63	-28	46
63	-27	46
63	-27	46
63	-27	46
64	-28	47
64	-28	47
64	-28	47
64	-28	47
64	-28	47
64	-28	47
64	-28	47
64	-28	48
64	-28	48
64	-28	48
64	-28	48
64	-28	48
64	-28	48
64	-28	48
64	-28	48
64	-28	49
64	-28	49
63	-28	49
63	-28	49
63	-28	49
63	-28	49
63	-29	49
63	-29	49
63	-29	49
64	-28	49
64	-28	47
64	-28	47
64	-28	47
65	-28	48
65	-28	48
65	-28	48
65	-28	48
65	-28	48
65	-28	48
65	-28	48
66	-28	47
66	-28	47
66	-28	47
66	-28	47
66	-28	47
66	-28	47
65	-28	48
65	-28	48
65	-28	48
65	-28	48
64	-28	47
64	-28	47
64	-28	48
64	-28	48
64	-28	48
63	-29	48
64	-29	49
64	-30	49
64	-31	50
64	-31	50
63	-31	50
63	-30	50
63	-30	50
63	-30	50
63	-30	50
63	-30	50
63	-30	50
62	-30	51
62	-30	51
62	-30	51
62	-30	50
61	-30	50
61	-30	50
62	-30	50
62	-29	50
62	-29	50
63	-29	50
64	-29	50
65	-29	50
65	-29	50
66	-29	50
66	-28	50
66	-28	50
67	-28	50
67	-28	50
66	-29	49
66	-29	49
65	-29	49
65	-29	49
64	-29	49
64	-29	49
63	-29	50
62	-29	50
62	-29	50
61	-29	50
61	-29	51
60	-29	51
60	-29	51
59	-29	52
58	-29	52
58	-29	52
58	-29	52
58	-30	52
58	-30	52
58	-30	52
58	-30	53
58	-30	53
58	-30	53
58	-30	53
58	-30	53
58	-30	53
58	-30	53
57	-30	53
56	-30	52
57	-30	52
57	-29	52
57	-29	51
56	-28	51
47	-24	41
45	-25	41
43	-25	41
42	-25	41
42	-26	41
42	-26	41
43	-26	41
45	-26	41
47	-26	41
48	-26	41
49	-26	41
50	-26	42
49	-26	42
49	-26	42
49	-26	42
49	-26	43
50	-27	44
51	-27	44
52	-27	44
52	-27	44
54	-27	44
54	-27	44
55	-27	44
56	-27	44
56	-27	44
56	-27	45
56	-27	45
56	-27	45
56	-27	45
56	-27	44
57	-28	45
57	-28	45
58	-28	45
58	-28	45
59	-28	46
60	-28	46
60	-28	46
61	-28	46
62	-28	46
62	-28	46
63	-28	46
63	-28	46
63	-28	46
63	-27	46
63	-27	46
63	-27	46
63	-28	46
63	-28	47
63	-28	47
63	-28	47
63	-28	47
63	-28	47
63	-28	47
63	-28	47
63	-28	48
63	-28	48
64	-28	48
64	-28	48
64	-28	48
64	-28	48
63	-28	48
63	-28	49
63	-28	49
63	-28	49
63	-28	49
63	-28	49
63	-28	49
62	-28	49
62	-29	49
62	-29	49
63	-28	48
64	-28	48
64	-28	48
64	-28	48
64	-28	47
64	-28	47
64	-28	47
65	-28	48
65	-28	48
65	-28	48
65	-28	48
65	-28	48
65	-28	48
65	-28	48
65	-28	48
65	-28	48
65	-28	48
65	-28	48
65	-28	48
65	-28	48
65	-28	48
64	-28	47
64	-28	48
64	-28	48
64	-28	48
63	-28	48
63	-28	48
63	-29	49
63	-30	49
63	-30	50
63	-31	50
63	-31	50
63	-30	50
63	-30	50
63	-30	50
63	-30	50
63	-30	50
62	-30	50
62	-30	50
62	-30	50
62	-30	50
62	-30	50
61	-30	50
61	-30	50
61	-30	50
62	-29	50
62	-29	50
63	-29	50
63	-29	50
64	-29	50
65	-29	50
65	-29	50
65	-28	50
66	-27	50
66	-28	50
66	-27	49
66	-29	49
65	-29	49
65	-29	49
65	-29	49
64	-29	49
63	-29	49
63	-29	50
62	-29	50
61	-29	50
61	-29	50
60	-29	51
60	-29	51
60	-29	51
58	-29	51
57	-30	52
57	-30	52
57	-30	52
57	-30	52
57	-30	52
57	-30	52
57	-30	52
58	-30	52
58	-30	53
58	-30	53
58	-30	53
58	-30	53
58	-30	53
57	-30	52
56	-30	52
56	-30	52
56	-30	51
56	-29	51
56	-29	50
46	-24	41
44	-25	41
42	-26	41
41	-25	41
41	-26	41
41	-26	41
43	-26	41
44	-26	41
46	-26	41
47	-26	41
49	-26	41
49	-27	41
49	-26	42
49	-26	42
49	-27	42
49	-27	43
50	-27	44
50	-27	44
51	-27	44
52	-27	44
53	-27	44
54	-27	45
55	-27	44
55	-27	44
55	-27	44
55	-27	44
55	-27	44
55	-28	45
55	-28	45
56	-27	45
56	-28	46
57	-28	46
57	-28	46
58	-28	46
58	-28	46
59	-28	46
60	-28	46
60	-28	46
61	-28	46
62	-28	47
62	-28	47
63	-28	47
63	-28	46
63	-27	46
63	-27	46
63	-27	46
63	-27	47
63	-28	47
63	-28	47
63	-28	47
63	-28	47
63	-28	47
63	-28	47
63	-28	48
63	-28	48
63	-28	48
63	-28	48
64	-28	48
63	-28	48
63	-28	48
63	-28	49
63	-28	49
63	-28	49
63	-28	49
63	-28	49
62	-28	49
62	-28	49
62	-29	49
62	-29	49
62	-29	49
63	-28	49
64	-28	48
64	-28	48
64	-28	48
64	-28	48
64	-28	48
64	-28	47
64	-28	47
64	-28	47
65	-28	48
65	-28	48
65	-28	48
65	-28	48
65	-28	48
65	-28	48
65	-28	48
65	-28	48
65	-28	48
65	-28	48
64	-28	47
64	-28	47
64	-28	48
64	-28	48
64	-28	48
63	-28	48
63	-28	48
63	-28	48
63	-30	49
63	-30	49
63	-30	50
63	-31	50
63	-31	51
63	-30	50
63	-30	50
63	-30	50
62	-30	50
62	-30	50
62	-30	50
61	-30	50
61	-30	50
61	-30	50
61	-30	50
61	-30	50
61	-30	50
61	-30	50
61	-29	50
62	-29	50
62	-29	50
63	-29	50
64	-29	50
64	-29	50
65	-29	50
65	-28	50
65	-28	50
66	-28	50
65	-28	50
65	-29	49
65	-29	49
65	-29	49
64	-29	49
63	-29	49
63	-29	49
62	-29	50
61	-29	50
61	-29	50
60	-29	50
60	-29	51
59	-29	50
59	-29	51
58	-29	51
56	-29	51
56	-29	51
56	-29	52
56	-29	52
56	-29	52
57	-29	52
57	-29	52
57	-29	52
57	-30	53
57	-30	52
57	-30	52
57	-30	52
57	-30	52
56	-30	52
55	-30	52
56	-30	51
56	-30	51
56	-29	50
55	-29	50
46	-24	41
43	-25	41
41	-25	41
40	-25	40
40	-26	41
41	-26	41
42	-26	41
43	-26	41
45	-26	41
47	-26	41
48	-26	41
49	-26	41
49	-26	41
48	-26	42
48	-27	42
49	-27	43
49	-27	44
50	-27	44
51	-27	44
52	-27	44
52	-27	45
54	-28	45
54	-28	45
55	-28	45
55	-27	45
55	-27	45
55	-28	45
54	-28	45
55	-28	46
55	-28	46
56	-28	46
56	-28	46
57	-28	47
57	-28	47
58	-28	46
59	-28	46
59	-28	46
60	-28	47
61	-28	47
61	-29	47
62	-28	47
62	-29	47
62	-28	46
63	-27	46
63	-27	46
63	-27	46
63	-28	46
63	-28	47
63	-28	47
63	-28	47
63	-28	47
63	-28	47
63	-28	47
63	-28	47
63	-28	48
63	-28	48
63	-28	48
63	-28	48
63	-28	48
63	-28	48
63	-28	49
63	-28	49
63	-28	49
62	-28	49
62	-28	49
62	-28	49
62	-28	49
62	-29	49
62	-29	49
62	-29	49
63	-28	49
63	-28	48
63	-28	48
63	-28	48
64	-28	48
64	-28	48
64	-28	48
64	-28	48
64	-28	48
64	-28	47
64	-28	47
65	-28	48
65	-28	48
65	-28	48
65	-28	48
65	-28	48
65	-28	48
65	-28	48
64	-28	47
64	-28	47
64	-28	48
64	-28	48
64	-28	48
63	-28	48
63	-28	48
63	-28	48
63	-29	48
63	-30	49
63	-30	49
63	-30	50
63	-31	50
63	-31	50
62	-30	50
62	-30	50
62	-30	50
62	-30	50
61	-30	50
61	-30	50
61	-30	50
61	-30	50
61	-29	50
61	-29	50
61	-29	50
61	-30	50
61	-29	50
61	-29	50
62	-29	50
62	-29	50
63	-29	50
63	-29	50
63	-29	50
64	-29	50
65	-28	50
65	-28	50
65	-27	49
65	-28	49
64	-28	49
64	-29	49
64	-29	49
63	-28	49
63	-29	49
62	-29	49
61	-29	49
61	-29	50
60	-29	50
60	-29	50
59	-29	50
59	-29	50
58	-29	51
57	-29	51
55	-29	51
56	-29	51
56	-29	51
56	-29	51
56	-29	51
56	-29	52
56	-29	52
56	-29	52
56	-29	52
56	-29	52
56	-29	52
56	-29	52
56	-29	52
56	-29	51
55	-30	51
55	-30	51
55	-30	50
55	-30	50
54	-30	49
46	-24	40
43	-24	40
40	-25	40
40	-25	40
40	-25	41
40	-26	41
41	-26	41
43	-26	41
45	-26	41
46	-27	41
48	-26	41
48	-26	41
48	-26	41
47	-26	41
47	-26	42
48	-27	43
48	-27	44
49	-27	44
50	-27	45
51	-27	45
52	-28	45
53	-28	45
54	-28	45
54	-28	45
54	-28	45
54	-28	45
54	-28	46
54	-28	46
54	-28	46
55	-28	46
55	-28	46
56	-28	47
56	-28	47
57	-28	47
58	-28	47
58	-28	47
59	-28	47
60	-28	47
61	-29	48
61	-29	48
61	-29	48
61	-28	47
62	-28	47
62	-27	46
63	-27	46
63	-27	46
63	-27	46
63	-28	47
63	-28	47
63	-28	47
63	-28	47
63	-28	47
63	-28	47
63	-28	48
63	-28	48
63	-28	48
63	-28	48
63	-28	48
63	-28	48
63	-28	48
63	-28	49
62	-28	49
62	-28	49
62	-28	49
61	-28	49
61	-28	49
61	-28	49
61	-28	49
61	-29	49
61	-29	49
62	-29	49
63	-28	48
63	-28	48
63	-28	48
63	-28	48
63	-28	48
64	-28	48
64	-28	48
64	-28	48
64	-28	48
64	-28	48
64	-28	48
64	-28	47
64	-28	47
64	-28	47
65	-28	48
65	-28	48
64	-28	47
64	-28	47
64	-28	48
64	-28	48
64	-28	48
63	-28	48
63	-28	48
63	-28	48
63	-28	48
63	-29	48
62	-29	49
62	-30	49
62	-30	49
62	-31	49
62	-31	50
62	-30	49
62	-30	49
61	-30	49
61	-30	49
61	-30	50
61	-30	50
61	-30	49
61	-29	49
61	-29	49
61	-29	49
61	-29	49
61	-29	49
61	-29	49
61	-29	49
62	-29	49
62	-29	49
62	-29	49
63	-29	49
63	-29	49
63	-29	49
64	-28	50
64	-27	49
64	-27	49
64	-27	49
64	-28	49
63	-28	49
63	-28	49
63	-28	49
62	-29	49
61	-29	49
61	-29	49
60	-29	49
60	-29	50
59	-29	50
58	-29	50
58	-29	50
58	-29	51
56	-29	51
55	-29	51
55	-29	51
55	-29	51
55	-29	51
55	-29	51
55	-29	51
56	-29	52
56	-29	52
56	-29	52
56	-29	52
56	-29	52
56	-29	52
56	-29	52
55	-30	51
54	-30	50
54	-30	49
54	-30	49
54	-30	49
54	-29	49
45	-24	40
43	-24	40
40	-25	40
40	-25	40
40	-26	40
40	-26	40
41	-26	41
43	-26	41
44	-26	41
46	-26	41
47	-26	41
47	-26	41
47	-26	41
47	-26	42
47	-26	42
47	-27	43
48	-27	44
49	-27	45
50	-27	45
51	-28	45
52	-28	45
52	-28	45
54	-28	45
54	-28	46
54	-28	46
54	-28	46
54	-28	46
54	-28	46
54	-28	46
54	-28	47
55	-28	47
55	-28	47
56	-28	47
56	-28	47
57	-28	47
58	-28	47
58	-28	47
59	-28	48
60	-29	48
61	-29	48
61	-29	48
61	-29	48
62	-28	47
62	-27	46
62	-27	46
62	-27	46
63	-28	46
63	-28	47
63	-28	47
63	-28	47
63	-28	47
63	-28	47
63	-28	47
63	-28	47
63	-28	48
63	-28	48
63	-28	48
62	-28	48
62	-28	48
62	-28	48
62	-28	49
62	-28	49
61	-28	49
61	-28	49
61	-28	48
61	-28	48
61	-28	48
61	-29	49
61	-29	49
61	-29	49
62	-29	49
62	-28	48
62	-28	48
63	-28	48
63	-28	48
63	-28	48
63	-28	48
63	-28	48
63	-28	48
63	-28	48
64	-28	48
64	-28	48
64	-28	48
64	-28	48
64	-28	48
64	-28	47
64	-28	47
64	-28	47
64	-28	48
64	-28	48
64	-28	48
63	-28	48
63	-28	48
63	-28	48
63	-28	48
62	-28	48
63	-29	49
62	-29	49
62	-30	49
62	-30	49
62	-31	49
62	-31	50
61	-30	49
61	-30	49
61	-30	50
61	-30	50
61	-30	49
60	-30	50
60	-30	50
60	-29	49
60	-29	49
60	-29	49
61	-29	49
61	-29	49
61	-29	49
61	-29	49
61	-29	49
62	-29	49
62	-29	49
62	-29	49
62	-29	49
63	-29	49
63	-28	50
63	-27	49
63	-27	49
63	-28	49
63	-28	49
63	-28	49
63	-28	49
62	-29	49
62	-29	49
61	-29	49
60	-29	49
60	-29	49
59	-29	49
58	-29	50
58	-29	50
57	-29	50
57	-29	51
56	-29	50
54	-29	50
54	-29	51
54	-29	51
54	-29	50
54	-29	51
54	-29	51
55	-29	51
55	-29	51
55	-29	51
55	-29	51
55	-29	51
55	-29	51
55	-30	51
54	-30	50
54	-29	49
54	-29	49
54	-30	48
53	-29	48
52	-29	47
45	-24	39
43	-24	39
41	-24	39
40	-25	40
40	-25	40
40	-26	41
41	-26	41
43	-26	41
44	-26	41
46	-26	41
47	-26	41
47	-26	41
47	-26	41
46	-27	41
46	-26	42
47	-27	43
47	-27	44
48	-27	45
49	-28	45
50	-28	45
51	-28	45
52	-28	45
53	-28	46
54	-28	46
54	-28	46
54	-28	46
53	-28	46
53	-28	46
54	-28	47
54	-28	47
54	-28	47
54	-28	47
55	-29	47
56	-28	47
56	-28	47
57	-28	47
58	-29	48
59	-29	48
60	-29	48
60	-29	48
60	-29	48
61	-29	48
61	-28	48
62	-28	47
62	-27	46
62	-27	46
62	-27	46
63	-28	47
63	-28	47
63	-28	47
63	-28	47
63	-28	47
63	-28	47
63	-28	48
63	-28	48
63	-28	48
62	-28	48
62	-28	48
62	-28	48
62	-28	48
62	-28	49
61	-28	49
61	-28	48
61	-28	48
61	-28	49
61	-28	49
61	-28	49
61	-28	49
61	-29	49
61	-29	49
61	-28	49
62	-28	48
62	-28	48
62	-28	48
62	-28	48
63	-28	48
63	-28	48
63	-28	48
63	-28	48
63	-28	48
63	-28	48
63	-28	48
63	-28	48
64	-28	48
64	-28	48
64	-28	48
64	-28	48
64	-28	48
64	-28	48
64	-28	48
63	-28	48
63	-28	48
63	-28	48
63	-28	48
62	-28	48
62	-28	48
62	-29	49
62	-29	49
62	-30	49
61	-30	49
61	-31	49
61	-31	50
61	-30	50
61	-30	50
61	-30	49
61	-30	49
60	-30	50
60	-30	50
60	-29	49
60	-29	49
60	-29	49
60	-29	49
61	-29	49
61	-29	49
61	-29	49
61	-29	49
61	-29	49
61	-29	49
62	-29	49
62	-29	49
62	-29	49
62	-29	49
62	-28	49
62	-27	49
62	-27	49
62	-27	49
62	-28	49
62	-28	49
62	-28	49
62	-29	49
61	-28	49
61	-29	49
60	-29	49
59	-28	49
58	-29	49
58	-29	49
57	-29	50
57	-29	50
56	-29	50
55	-29	50
53	-29	49
53	-29	50
53	-29	50
54	-29	50
54	-29	50
54	-29	50
54	-29	51
54	-29	50
54	-29	50
54	-29	50
54	-29	50
54	-29	50
54	-30	50
54	-30	49
53	-30	49
53	-30	48
53	-29	47
52	-29	47
52	-29	47
45	-24	39
43	-24	39
42	-25	40
42	-25	40
41	-26	40
41	-26	40
42	-26	40
43	-26	41
44	-26	41
46	-26	41
47	-26	41
47	-26	41
46	-27	41
46	-27	42
45	-26	42
46	-27	44
47	-27	44
48	-27	45
49	-28	45
50	-28	45
51	-28	45
52	-28	46
52	-28	46
53	-28	46
53	-28	46
53	-28	46
53	-28	46
52	-28	47
53	-28	47
54	-28	47
54	-28	47
54	-28	47
55	-28	47
56	-29	48
56	-29	48
57	-29	48
58	-29	48
58	-29	48
59	-29	48
60	-29	48
60	-29	48
60	-29	48
61	-29	48
62	-28	47
62	-27	46
62	-27	46
62	-27	46
63	-28	47
63	-28	47
63	-28	47
63	-28	47
63	-28	47
63	-28	47
63	-28	48
63	-28	48
63	-28	48
62	-28	48
61	-28	48
61	-28	48
61	-28	48
61	-28	49
61	-28	49
61	-28	48
61	-28	49
61	-28	49
60	-28	49
60	-28	49
61	-29	49
61	-29	49
60	-29	49
61	-28	48
62	-28	48
62	-28	48
62	-28	48
62	-28	48
62	-28	48
62	-28	48
63	-28	48
63	-28	48
63	-28	48
63	-28	48
63	-28	48
63	-28	48
63	-28	48
64	-28	48
64	-28	48
64	-28	48
64	-28	48
64	-28	48
63	-28	48
63	-28	48
63	-28	48
63	-28	48
62	-28	48
62	-28	48
62	-28	48
62	-28	48
62	-30	49
61	-30	49
61	-30	49
61	-31	50
61	-31	49
61	-30	49
61	-30	49
61	-30	49
60	-30	50
60	-30	50
60	-30	50
60	-30	50
60	-29	49
60	-29	49
60	-29	49
61	-29	49
61	-29	49
61	-29	49
61	-29	49
61	-29	49
61	-29	49
61	-29	49
62	-29	49
62	-29	49
62	-29	49
62	-28	49
62	-27	49
62	-27	49
62	-27	49
62	-28	49
62	-28	49
61	-28	49
61	-28	48
61	-29	49
60	-28	49
59	-28	49
58	-29	49
58	-29	49
57	-28	49
57	-29	50
56	-29	50
56	-29	49
55	-29	50
53	-29	49
53	-29	50
53	-29	50
53	-29	49
53	-29	49
53	-29	50
54	-29	50
54	-29	50
54	-29	50
54	-29	50
54	-29	50
54	-29	50
54	-29	49
53	-29	48
53	-29	47
52	-29	47
52	-29	46
52	-29	46
51	-28	45
45	-24	39
44	-24	39
43	-25	39
42	-24	40
42	-25	40
41	-26	40
42	-26	41
43	-26	41
45	-26	41
45	-26	41
47	-26	41
46	-27	41
46	-26	41
45	-26	42
45	-26	42
46	-27	44
47	-27	44
48	-28	45
49	-28	45
50	-28	45
51	-28	45
52	-28	46
52	-28	46
52	-28	46
52	-28	46
52	-28	46
52	-28	46
52	-28	47
52	-28	47
54	-28	47
54	-28	47
54	-28	47
54	-28	47
56	-29	48
56	-29	48
57	-29	48
58	-29	48
58	-29	48
59	-29	48
59	-29	48
60	-29	49
60	-29	48
61	-28	48
62	-28	47
62	-28	46
62	-27	46
62	-28	46
62	-28	47
62	-28	47
62	-28	47
62	-28	47
62	-28	47
62	-28	47
62	-28	47
62	-28	48
62	-28	48
62	-28	48
61	-28	48
61	-28	48
61	-28	48
61	-28	48
61	-28	48
61	-28	49
61	-28	49
60	-28	49
60	-28	49
60	-28	49
60	-29	49
60	-29	49
60	-29	49
61	-29	49
61	-28	48
61	-28	48
61	-28	48
62	-28	48
62	-28	48
62	-28	48
62	-28	48
63	-28	48
63	-28	48
63	-28	48
63	-28	48
63	-28	48
63	-28	48
63	-28	48
64	-28	48
64	-28	48
64	-28	48
63	-28	48
63	-28	48
63	-28	48
63	-28	48
62	-28	48
62	-28	48
62	-28	48
62	-28	48
62	-28	48
61	-29	49
61	-30	49
61	-30	49
61	-31	50
61	-30	49
60	-30	50
60	-30	50
60	-30	50
60	-30	50
60	-30	50
60	-30	49
59	-29	49
59	-29	49
59	-29	49
60	-29	49
61	-29	49
61	-29	49
61	-29	49
61	-29	49
61	-29	49
61	-29	49
61	-29	49
61	-29	49
61	-29	49
61	-29	49
61	-28	49
61	-27	49
61	-27	49
61	-28	49
61	-28	49
61	-28	49
61	-28	48
61	-28	49
60	-28	49
59	-28	49
59	-29	49
58	-29	49
58	-29	49
57	-29	49
56	-29	49
56	-29	49
56	-29	49
54	-29	49
52	-28	49
52	-28	49
52	-28	49
53	-29	49
53	-29	49
53	-29	50
53	-28	50
53	-29	49
53	-29	49
53	-29	49
53	-29	49
53	-29	49
53	-29	49
53	-29	48
52	-29	47
52	-29	46
52	-29	46
51	-28	45
50	-28	45
45	-23	38
44	-24	38
43	-24	38
43	-25	39
42	-25	40
41	-25	39
43	-26	40
43	-26	41
45	-26	41
45	-26	41
46	-27	41
46	-27	41
46	-26	41
45	-26	42
45	-26	42
46	-27	44
47	-27	45
47	-28	45
49	-28	45
50	-28	45
50	-28	45
51	-28	45
52	-28	46
52	-28	46
52	-28	46
52	-28	46
52	-28	47
52	-28	47
52	-28	47
53	-28	47
54	-28	47
54	-28	47
54	-29	48
55	-29	48
56	-29	48
57	-29	48
57	-29	48
58	-29	48
59	-29	48
59	-29	48
60	-29	49
60	-29	48
61	-29	48
62	-28	47
62	-27	46
62	-27	46
62	-27	47
62	-28	47
62	-28	47
62	-28	47
62	-28	47
62	-28	47
62	-28	47
62	-28	48
62	-28	48
62	-28	48
62	-28	48
61	-28	48
61	-28	48
61	-28	48
61	-28	48
61	-28	49
61	-28	49
60	-28	49
60	-28	49
60	-28	49
60	-28	49
60	-28	49
60	-29	49
60	-29	49
61	-28	48
61	-28	48
61	-28	48
61	-28	48
62	-28	48
62	-28	48
62	-28	48
62	-28	48
63	-28	48
63	-28	48
63	-28	48
63	-28	48
63	-28	48
63	-28	48
63	-28	48
64	-28	48
64	-28	48
63	-28	48
63	-28	48
63	-28	48
63	-28	48
63	-28	48
62	-28	48
62	-28	48
62	-28	48
62	-28	48
61	-29	48
61	-29	48
61	-29	49
61	-30	49
61	-31	50
61	-31	49
60	-30	50
60	-30	50
60	-30	50
60	-30	50
60	-30	49
60	-30	49
59	-29	49
59	-29	49
59	-29	49
60	-29	49
61	-29	49
61	-29	49
61	-29	49
61	-29	49
61	-29	49
61	-29	49
61	-29	49
61	-29	49
61	-29	49
61	-29	49
61	-28	49
61	-27	49
61	-27	49
61	-28	49
61	-28	49
61	-28	48
61	-28	48
60	-28	49
60	-28	49
59	-28	49
58	-28	49
58	-29	49
57	-28	49
56	-29	49
56	-29	49
56	-29	49
56	-29	49
54	-29	49
52	-28	49
52	-28	49
52	-28	49
52	-28	49
53	-28	49
53	-29	49
53	-28	49
53	-28	49
53	-29	49
53	-29	49
53	-29	49
53	-29	49
53	-29	49
53	-29	48
52	-29	46
52	-28	45
51	-28	45
51	-28	44
50	-28	44
44	-23	38
44	-24	38
43	-24	38
43	-25	39
43	-25	39
43	-26	40
43	-26	40
44	-26	40
45	-26	41
45	-26	41
46	-26	41
46	-26	41
46	-26	41
45	-26	42
45	-26	42
46	-27	44
47	-28	45
47	-27	45
49	-28	45
49	-28	45
50	-28	45
51	-28	45
52	-28	46
52	-28	46
52	-28	46
52	-28	46
52	-28	46
52	-28	47
53	-28	47
54	-28	47
54	-28	47
54	-28	47
54	-28	47
55	-29	48
56	-28	47
56	-29	48
57	-29	48
58	-29	48
58	-29	48
59	-29	49
59	-29	48
59	-29	48
60	-28	47
61	-28	47
61	-28	46
61	-27	46
61	-27	47
61	-28	47
61	-28	47
61	-28	47
61	-28	47
61	-28	47
61	-28	47
61	-28	47
61	-28	48
61	-28	48
61	-28	48
61	-28	48
61	-28	48
61	-28	48
60	-28	48
60	-28	49
60	-28	49
60	-28	49
60	-28	49
60	-28	49
60	-28	49
60	-29	49
60	-29	49
60	-29	49
60	-28	49
61	-28	48
61	-28	48
61	-28	48
61	-28	48
61	-28	48
62	-28	48
62	-28	48
62	-28	48
62	-28	48
62	-28	48
63	-28	48
63	-28	48
63	-28	48
63	-28	48
63	-28	48
63	-28	48
63	-28	48
63	-28	48
62	-28	48
62	-28	48
62	-28	48
61	-28	48
61	-28	48
61	-28	48
60	-28	48
61	-28	48
60	-29	48
60	-30	49
60	-30	49
60	-31	49
60	-31	49
60	-30	49
60	-30	49
60	-30	49
59	-30	49
59	-30	49
59	-30	49
59	-29	49
59	-29	49
59	-29	49
59	-29	49
60	-29	49
60	-29	49
60	-29	49
60	-29	49
60	-28	49
60	-29	49
60	-28	49
60	-28	49
61	-29	49
61	-29	49
61	-28	49
61	-27	49
61	-27	49
61	-28	49
61	-28	48
61	-28	49
60	-28	49
60	-28	49
59	-28	49
58	-28	49
58	-28	49
57	-28	49
56	-28	49
56	-29	49
55	-28	49
54	-28	49
54	-28	49
53	-28	49
52	-28	49
52	-28	49
52	-28	49
52	-28	48
52	-28	48
52	-28	49
52	-28	48
52	-28	48
52	-28	48
52	-28	49
52	-28	49
52	-28	48
52	-28	48
51	-28	47
50	-28	45
51	-28	45
52	-27	44
52	-27	43
51	-28	43
43	-23	38
43	-24	38
43	-24	38
43	-25	39
43	-25	39
44	-25	39
44	-26	40
45	-26	40
45	-26	41
45	-26	41
45	-26	41
46	-26	41
46	-27	41
46	-27	42
46	-26	42
47	-27	43
47	-27	44
47	-27	44
48	-27	45
49	-28	45
49	-28	45
50	-28	45
51	-28	45
52	-28	46
52	-28	46
52	-28	46
53	-28	46
53	-28	46
54	-28	46
54	-28	47
54	-28	47
55	-28	47
55	-28	47
55	-28	47
56	-28	47
56	-28	47
57	-29	48
57	-29	48
58	-29	48
58	-29	48
59	-29	48
59	-29	48
59	-28	48
60	-28	47
60	-27	46
60	-27	46
60	-28	47
61	-28	47
61	-28	47
61	-28	47
61	-28	47
61	-28	47
61	-28	47
61	-28	48
61	-28	48
61	-28	48
61	-28	48
60	-28	48
60	-28	48
60	-28	48
60	-28	49
60	-28	49
60	-28	49
59	-28	49
59	-28	49
59	-28	49
59	-29	49
59	-29	49
59	-29	49
59	-29	49
60	-28	48
61	-28	48
61	-28	48
61	-28	48
61	-28	48
61	-28	48
61	-28	48
61	-28	48
62	-28	48
62	-28	48
62	-28	48
62	-28	48
63	-28	48
63	-28	48
63	-28	48
63	-28	48
63	-28	48
62	-28	48
62	-28	48
62	-28	48
61	-28	48
61	-28	48
60	-28	48
60	-28	48
60	-28	48
59	-28	48
59	-28	48
59	-29	48
59	-30	49
59	-30	49
59	-31	49
59	-31	49
59	-30	49
59	-30	49
59	-30	49
59	-30	49
59	-30	49
59	-30	49
59	-29	49
59	-29	49
59	-29	49
59	-29	49
59	-29	49
59	-29	49
59	-29	49
59	-29	49
59	-28	49
59	-28	49
60	-28	49
60	-28	49
60	-28	49
60	-28	49
60	-28	49
60	-27	49
60	-27	49
60	-28	49
60	-28	49
60	-28	49
60	-28	49
59	-28	49
58	-28	49
58	-28	49
57	-28	49
56	-28	49
55	-28	49
54	-28	48
54	-28	49
53	-28	49
53	-28	49
52	-28	48
52	-28	48
52	-28	48
51	-28	48
51	-28	48
51	-28	48
51	-28	49
51	-28	48
51	-28	48
51	-28	48
51	-28	48
51	-28	48
51	-28	48
51	-28	47
49	-28	46
47	-27	44
50	-28	43
52	-27	43
53	-27	42
52	-27	42
43	-23	37
43	-24	37
43	-24	38
43	-24	38
43	-25	39
43	-25	39
44	-26	40
44	-25	40
45	-26	40
45	-26	41
45	-26	41
45	-26	41
46	-26	41
46	-27	42
46	-27	42
47	-27	43
47	-27	44
47	-27	45
48	-27	44
48	-27	45
49	-28	45
50	-28	45
50	-28	45
51	-28	45
52	-28	46
52	-28	46
52	-28	46
53	-28	46
54	-28	47
54	-28	46
54	-28	47
54	-28	47
54	-28	47
55	-28	46
55	-28	46
56	-28	47
56	-28	47
57	-28	48
58	-29	48
58	-29	48
58	-28	47
58	-29	47
59	-28	47
60	-28	47
60	-27	46
60	-27	46
60	-27	47
60	-28	47
60	-28	47
60	-28	47
61	-28	47
61	-28	47
61	-28	47
61	-28	47
61	-28	48
61	-28	48
60	-28	48
60	-28	48
60	-28	48
60	-28	48
60	-28	49
60	-28	49
60	-28	49
59	-28	49
59	-28	49
59	-28	49
59	-28	49
59	-28	49
59	-29	49
59	-29	49
60	-28	49
60	-28	48
60	-28	48
60	-28	48
61	-28	48
61	-28	48
61	-28	48
61	-28	48
61	-28	48
62	-28	48
62	-28	48
62	-28	48
62	-28	48
63	-28	48
62	-28	48
62	-28	48
61	-28	48
61	-28	48
61	-28	48
61	-28	48
60	-28	48
60	-28	48
60	-28	48
59	-28	48
58	-28	48
58	-28	48
58	-29	48
58	-29	48
58	-30	49
58	-30	49
58	-31	49
58	-30	49
58	-30	49
58	-30	49
58	-30	49
58	-30	49
58	-30	49
58	-30	49
58	-29	49
58	-29	49
58	-29	49
58	-29	49
59	-29	49
59	-29	49
59	-29	49
59	-29	49
59	-28	49
59	-28	49
59	-28	49
59	-28	49
60	-28	49
60	-28	49
60	-28	49
60	-27	49
60	-27	49
60	-28	49
60	-28	49
60	-28	49
60	-28	49
59	-28	49
58	-28	49
57	-28	49
56	-28	49
55	-28	49
54	-28	49
54	-28	48
53	-28	49
53	-28	49
52	-28	48
52	-28	48
51	-28	48
51	-28	48
51	-28	48
51	-28	48
51	-28	48
51	-28	48
51	-28	48
50	-28	47
50	-28	48
50	-28	48
50	-28	48
50	-27	47
50	-28	47
48	-27	45
47	-27	43
49	-27	43
50	-27	42
51	-26	42
51	-27	41
43	-23	37
43	-23	37
43	-24	38
43	-24	38
43	-25	39
43	-26	40
43	-25	39
44	-25	39
45	-26	40
45	-26	40
45	-26	41
45	-26	41
45	-26	41
45	-26	41
46	-26	42
46	-27	43
47	-27	44
47	-27	44
47	-27	44
48	-27	44
49	-28	45
49	-27	45
50	-27	45
51	-28	45
52	-28	45
52	-28	45
52	-28	45
52	-28	46
53	-28	46
54	-28	46
54	-28	47
54	-28	47
54	-28	47
55	-28	46
55	-28	46
56	-28	47
56	-28	47
57	-29	47
57	-29	48
58	-29	47
58	-28	47
58	-28	47
59	-28	46
60	-27	46
60	-27	46
60	-27	46
60	-28	47
60	-28	47
60	-28	47
60	-28	47
60	-28	47
60	-28	47
60	-28	47
61	-28	48
61	-28	48
61	-28	48
60	-28	48
60	-28	48
60	-28	48
60	-28	48
60	-28	48
60	-28	49
59	-28	49
59	-28	49
59	-28	49
59	-28	49
59	-29	49
59	-29	49
59	-29	49
58	-29	49
59	-28	48
60	-28	48
60	-28	48
60	-28	48
60	-28	48
61	-28	48
61	-28	48
61	-28	48
61	-28	48
62	-28	48
62	-28	48
62	-28	48
62	-28	48
62	-28	48
61	-28	48
61	-28	48
61	-28	48
60	-28	48
60	-28	48
60	-28	48
60	-28	48
59	-28	48
58	-28	48
58	-28	48
58	-28	48
57	-28	48
57	-28	48
58	-29	48
58	-30	49
58	-30	49
58	-30	49
58	-30	49
58	-30	49
58	-30	49
58	-30	49
58	-30	49
58	-30	49
58	-30	49
58	-29	49
58	-29	48
58	-29	48
58	-29	49
58	-29	49
58	-29	49
58	-29	49
58	-29	48
58	-28	48
59	-28	49
59	-28	48
59	-28	49
59	-28	48
59	-28	48
60	-28	49
60	-27	48
60	-27	48
60	-27	48
60	-28	49
60	-28	49
59	-28	49
58	-28	49
58	-28	49
57	-28	49
56	-28	48
55	-28	48
54	-28	48
54	-28	49
53	-28	49
52	-28	48
52	-28	48
51	-28	48
50	-28	47
50	-28	47
50	-28	47
50	-28	47
50	-28	48
50	-28	48
50	-27	47
50	-28	47
50	-28	47
50	-28	47
50	-28	47
50	-27	46
49	-27	46
48	-27	44
47	-26	43
48	-26	42
49	-26	41
50	-26	41
50	-26	40
42	-23	37
42	-23	37
43	-24	38
43	-24	38
43	-25	39
43	-26	40
43	-26	40
43	-25	39
44	-26	40
44	-26	41
45	-26	41
45	-26	41
45	-26	41
45	-26	42
45	-26	42
46	-26	42
46	-27	43
47	-27	44
47	-27	44
47	-27	44
48	-27	45
49	-27	44
49	-27	44
50	-27	44
51	-27	45
51	-27	45
52	-27	45
52	-28	45
52	-28	46
54	-28	45
54	-28	46
54	-28	47
54	-28	46
54	-28	46
55	-28	46
55	-28	46
56	-28	47
56	-28	47
57	-28	47
57	-28	47
57	-28	46
58	-28	47
58	-28	46
59	-27	46
59	-27	46
59	-27	46
60	-27	47
60	-28	47
60	-28	47
60	-28	47
60	-28	47
60	-28	47
60	-28	47
60	-28	47
60	-28	48
60	-28	48
60	-28	48
60	-28	48
60	-28	48
60	-28	48
59	-28	48
59	-28	49
59	-28	49
59	-28	49
59	-28	49
58	-28	49
58	-28	49
59	-29	49
58	-29	49
58	-29	49
59	-28	49
60	-28	48
60	-28	48
60	-28	48
60	-28	48
60	-28	48
60	-28	48
61	-28	48
61	-28	48
61	-28	48
61	-28	48
62	-28	48
62	-28	48
62	-28	48
61	-28	48
60	-28	48
60	-28	48
60	-28	48
60	-28	48
59	-28	48
58	-28	48
58	-28	48
58	-28	48
57	-28	48
57	-28	48
56	-28	48
56	-28	48
57	-29	48
58	-29	48
58	-30	48
58	-31	49
58	-30	48
58	-30	48
58	-30	48
58	-30	48
58	-30	48
58	-30	48
58	-30	48
58	-30	48
58	-29	48
58	-29	48
58	-29	48
58	-29	48
58	-29	48
58	-29	49
58	-28	48
58	-28	48
58	-28	48
58	-28	48
59	-28	48
59	-28	48
59	-28	48
59	-27	48
59	-27	48
60	-27	48
59	-27	48
59	-28	49
59	-28	49
58	-28	49
58	-28	49
57	-28	49
56	-28	49
55	-28	49
55	-28	48
54	-28	48
53	-28	48
52	-28	48
52	-28	48
51	-28	48
51	-28	48
50	-28	47
50	-28	47
50	-28	47
50	-28	47
50	-28	47
50	-28	47
50	-28	47
49	-27	46
49	-27	47
49	-28	47
49	-28	47
49	-27	46
49	-27	46
48	-27	44
47	-26	42
47	-25	41
47	-25	40
48	-25	40
49	-26	39
42	-23	37
42	-23	37
42	-24	37
42	-24	38
43	-25	39
43	-26	39
43	-26	39
43	-26	40
43	-26	40
44	-26	41
45	-26	40
45	-26	41
45	-26	41
45	-26	42
45	-26	42
45	-27	43
46	-27	43
46	-27	43
47	-27	43
47	-27	43
48	-27	44
48	-27	44
49	-27	44
50	-27	44
50	-27	44
51	-27	45
51	-27	45
52	-28	45
52	-28	45
53	-28	45
54	-28	45
54	-28	46
54	-28	45
54	-28	45
54	-28	46
55	-28	46
56	-28	46
56	-28	46
56	-28	46
57	-28	46
57	-28	46
57	-28	46
58	-28	46
59	-27	46
59	-27	46
59	-27	46
59	-27	47
60	-28	47
60	-28	47
60	-28	47
60	-28	47
60	-28	47
60	-28	47
60	-28	47
60	-28	48
60	-28	48
60	-28	48
59	-28	48
59	-28	48
59	-28	48
59	-28	48
59	-28	49
59	-28	49
59	-28	49
58	-28	49
58	-28	49
58	-28	49
58	-29	49
58	-29	49
58	-29	49
59	-29	49
59	-28	48
59	-28	48
59	-28	48
60	-28	48
60	-28	48
60	-28	48
60	-28	48
61	-28	48
61	-28	48
61	-28	48
61	-28	48
61	-28	48
61	-28	48
60	-28	48
60	-28	48
60	-28	48
60	-28	48
59	-28	48
59	-28	48
58	-28	48
58	-28	48
57	-28	48
57	-28	48
56	-28	48
56	-28	48
56	-29	48
56	-29	48
57	-29	48
58	-30	48
58	-31	48
58	-30	48
58	-29	48
58	-29	48
58	-29	48
58	-29	48
58	-29	48
58	-29	48
58	-29	48
58	-29	48
58	-29	48
58	-29	48
58	-29	48
58	-29	48
58	-29	48
58	-28	48
58	-28	48
58	-28	48
58	-28	48
58	-28	48
58	-28	48
59	-28	48
59	-27	48
59	-27	48
59	-27	48
59	-27	48
58	-28	49
58	-28	49
58	-28	49
57	-28	49
56	-28	49
55	-28	49
55	-28	48
54	-28	48
53	-28	48
52	-28	48
52	-28	48
51	-28	48
50	-28	48
50	-28	47
50	-28	47
50	-28	47
50	-28	47
49	-27	47
49	-28	47
49	-27	46
49	-27	46
49	-27	46
49	-27	46
49	-27	46
49	-27	46
49	-27	45
49	-27	45
48	-26	43
48	-25	41
47	-25	40
46	-25	40
46	-24	39
47	-25	39
41	-22	36
41	-23	36
41	-24	37
41	-24	37
42	-24	38
42	-25	38
42	-26	39
43	-26	40
43	-26	40
44	-26	40
44	-26	40
44	-26	41
45	-26	41
45	-26	41
45	-26	42
45	-26	42
45	-27	42
45	-27	43
46	-27	43
47	-27	43
47	-27	43
47	-27	43
48	-27	43
49	-27	43
50	-27	44
50	-27	44
50	-27	44
50	-27	44
51	-27	45
52	-27	45
53	-27	45
53	-28	45
53	-27	44
54	-27	44
54	-28	45
54	-28	45
55	-28	45
56	-28	46
56	-28	45
56	-28	45
57	-28	46
57	-28	46
57	-27	46
58	-27	46
59	-27	46
59	-27	46
59	-27	47
59	-28	47
59	-28	47
59	-28	47
60	-28	47
60	-28	47
60	-28	47
60	-28	48
60	-28	48
60	-28	48
60	-28	48
59	-28	48
59	-28	48
59	-28	48
59	-28	49
58	-28	49
58	-28	49
58	-28	49
58	-28	49
58	-28	49
58	-28	49
58	-29	49
58	-29	49
58	-29	49
58	-29	48
59	-28	48
59	-28	48
59	-28	48
59	-28	48
59	-28	48
60	-28	48
60	-28	48
60	-28	48
60	-28	48
61	-28	48
61	-28	48
61	-28	48
61	-28	48
60	-28	48
60	-28	48
60	-28	48
60	-28	48
59	-28	48
59	-28	48
58	-28	48
58	-28	48
57	-28	48
57	-28	48
56	-28	48
56	-28	48
56	-29	48
56	-29	48
57	-29	48
58	-30	48
57	-30	48
57	-30	48
58	-29	48
58	-29	48
58	-29	48
58	-29	48
58	-29	48
58	-29	48
58	-29	48
58	-29	48
58	-29	48
57	-29	48
57	-29	48
57	-29	48
57	-29	48
57	-28	48
57	-28	48
57	-28	48
58	-28	48
58	-28	48
58	-28	48
58	-28	48
58	-27	48
58	-27	48
58	-27	48
58	-27	48
58	-28	49
57	-28	49
57	-28	49
56	-28	49
56	-28	49
54	-28	49
54	-28	48
53	-28	48
52	-28	48
51	-28	48
51	-28	48
50	-28	48
50	-28	47
49	-28	47
49	-28	47
49	-28	47
49	-28	47
49	-27	46
48	-27	46
48	-27	46
48	-27	46
48	-27	46
48	-27	46
48	-27	46
48	-27	45
48	-27	45
48	-27	45
48	-25	43
47	-24	41
45	-24	40
45	-24	39
44	-23	38
46	-23	38
41	-23	36
41	-23	36
41	-24	37
41	-24	38
42	-25	38
42	-25	38
42	-25	39
42	-26	39
43	-26	40
43	-26	41
43	-26	41
44	-26	41
44	-26	41
44	-26	41
44	-26	42
44	-26	42
44	-26	42
45	-26	42
45	-27	43
46	-27	42
46	-27	43
47	-26	42
47	-27	43
48	-27	43
49	-27	43
49	-27	43
50	-27	43
50	-27	44
50	-27	44
52	-27	44
52	-27	44
53	-27	44
53	-27	44
53	-27	44
54	-27	44
54	-28	45
55	-28	45
55	-28	45
56	-27	45
56	-27	45
56	-27	45
56	-28	45
57	-27	46
58	-27	46
58	-27	46
58	-27	46
58	-27	47
59	-28	47
59	-28	47
59	-28	47
59	-28	47
59	-28	47
59	-28	48
59	-28	48
59	-28	48
59	-28	48
59	-28	48
59	-28	48
59	-28	48
58	-28	48
58	-28	48
58	-28	49
58	-28	49
58	-28	49
58	-28	49
58	-28	49
58	-29	49
58	-29	49
58	-29	49
58	-29	49
58	-28	48
58	-28	48
58	-28	48
58	-28	48
58	-28	48
59	-28	48
59	-28	48
59	-28	48
60	-28	48
60	-28	48
60	-28	48
60	-28	48
60	-28	48
60	-28	48
60	-28	48
60	-28	48
60	-28	48
60	-28	48
60	-28	48
59	-28	48
59	-28	48
58	-28	48
58	-28	48
57	-28	48
57	-28	48
57	-28	48
57	-29	48
57	-29	48
57	-29	48
57	-30	48
57	-30	48
57	-30	48
57	-29	48
57	-29	48
57	-29	48
57	-29	48
57	-29	48
57	-29	48
57	-29	48
57	-29	48
57	-29	48
57	-29	48
57	-29	48
57	-29	48
57	-29	48
57	-29	48
57	-28	48
57	-28	48
57	-28	48
57	-28	48
57	-28	48
58	-28	48
58	-27	48
58	-27	48
58	-27	48
58	-27	48
57	-28	49
56	-28	49
56	-28	49
56	-28	49
55	-28	49
54	-28	48
53	-28	48
52	-28	48
51	-28	48
50	-28	48
50	-28	47
49	-28	47
49	-28	47
49	-28	47
48	-28	46
48	-27	46
48	-27	46
48	-27	46
47	-27	45
47	-27	45
47	-27	45
47	-27	45
47	-27	45
47	-27	45
47	-27	45
47	-27	44
47	-26	44
47	-25	42
47	-23	41
45	-23	39
44	-23	39
44	-22	38
46	-23	38
40	-22	35
40	-23	36
41	-24	37
41	-24	37
41	-25	38
41	-25	38
42	-25	39
42	-25	40
43	-26	40
43	-26	40
43	-26	40
43	-26	41
43	-26	41
43	-26	41
43	-26	41
43	-26	41
44	-26	42
44	-26	42
44	-26	42
45	-26	41
45	-26	42
46	-27	42
47	-26	42
47	-27	42
48	-27	43
49	-27	43
49	-27	43
49	-27	43
50	-27	43
51	-27	43
52	-27	43
52	-27	43
52	-27	44
53	-27	44
53	-27	44
54	-27	44
54	-27	45
54	-27	45
55	-27	44
56	-27	45
56	-28	45
56	-28	45
57	-27	45
58	-27	46
58	-27	46
58	-27	46
58	-28	47
58	-28	47
58	-28	47
58	-28	47
58	-28	47
58	-28	47
58	-28	47
58	-28	47
59	-28	48
59	-28	48
59	-28	48
58	-28	48
58	-28	48
58	-28	48
58	-28	48
58	-28	49
58	-28	49
58	-28	49
57	-28	49
57	-28	49
57	-29	49
57	-29	49
57	-28	49
57	-29	49
57	-28	49
58	-28	48
58	-28	48
58	-28	48
58	-28	48
58	-28	48
58	-28	48
59	-28	48
59	-28	48
59	-28	48
60	-28	48
60	-28	48
60	-28	48
60	-28	48
61	-28	48
61	-28	48
61	-28	48
60	-28	48
60	-28	48
60	-28	48
59	-28	48
58	-28	48
58	-28	48
58	-28	48
58	-28	48
57	-28	48
57	-29	48
57	-29	48
57	-29	48
57	-30	48
57	-30	48
57	-30	48
56	-29	48
56	-29	48
56	-29	48
56	-29	48
56	-29	48
56	-29	48
56	-29	48
56	-29	48
56	-29	48
56	-29	48
56	-29	48
56	-29	48
56	-29	48
56	-28	48
56	-28	48
56	-28	48
56	-28	48
56	-28	48
57	-28	48
57	-28	48
57	-27	48
57	-27	48
57	-27	48
57	-27	48
56	-28	49
56	-28	49
55	-28	49
54	-28	49
54	-28	48
53	-28	49
52	-28	48
52	-28	48
50	-28	48
50	-28	47
49	-28	47
49	-28	47
48	-27	47
47	-27	46
47	-27	46
47	-27	46
47	-27	45
47	-27	45
47	-27	45
47	-27	45
47	-27	45
46	-27	45
46	-27	45
46	-27	45
46	-27	45
46	-26	44
46	-25	43
47	-24	42
47	-23	40
45	-22	40
43	-21	39
43	-21	39
46	-22	38
40	-22	35
40	-23	36
40	-24	36
41	-24	38
41	-25	38
41	-25	38
41	-25	39
41	-25	39
42	-25	40
42	-25	40
43	-26	40
43	-26	41
43	-26	41
43	-26	41
43	-26	41
43	-26	41
43	-26	41
43	-26	42
44	-26	42
44	-26	42
45	-26	41
45	-26	42
46	-27	42
47	-26	42
47	-27	42
48	-26	42
48	-27	42
49	-27	42
49	-27	42
50	-26	42
51	-26	42
52	-27	43
52	-27	43
52	-27	43
53	-27	44
53	-27	44
54	-27	44
54	-27	44
54	-27	44
55	-27	44
55	-27	44
56	-27	45
56	-27	45
58	-27	45
58	-27	45
58	-27	46
58	-28	47
58	-28	47
58	-28	47
58	-28	47
58	-28	47
58	-28	47
58	-28	47
58	-28	48
58	-28	48
58	-28	48
58	-28	48
58	-28	48
58	-28	48
58	-28	48
58	-28	48
58	-28	49
58	-28	49
57	-28	49
57	-28	49
57	-28	49
57	-28	49
57	-29	49
57	-29	49
57	-29	49
57	-28	49
57	-28	48
57	-28	48
57	-28	48
58	-28	48
58	-28	48
58	-28	48
58	-28	48
58	-28	48
59	-28	48
59	-28	48
59	-28	48
59	-28	48
60	-28	48
60	-28	48
61	-28	48
61	-28	48
60	-28	48
60	-28	48
60	-28	48
59	-28	48
59	-28	48
58	-28	48
58	-28	48
58	-28	48
57	-28	48
57	-29	48
57	-29	48
56	-29	48
56	-30	48
56	-30	48
56	-30	48
56	-29	48
56	-29	48
56	-29	48
56	-29	48
56	-29	48
56	-29	48
56	-29	48
56	-29	48
56	-29	48
56	-29	48
56	-29	48
56	-29	48
56	-29	48
56	-28	48
56	-28	48
56	-28	48
56	-28	48
56	-28	48
56	-28	48
56	-28	48
57	-27	48
57	-27	48
57	-27	48
56	-27	48
55	-28	49
55	-28	49
54	-28	49
54	-28	48
53	-28	49
52	-28	48
52	-28	48
50	-28	48
50	-28	47
49	-28	48
48	-28	47
48	-27	47
47	-28	47
47	-27	46
46	-27	45
46	-27	45
46	-27	45
46	-27	45
46	-27	45
46	-27	45
46	-27	45
46	-27	45
46	-27	45
46	-27	45
46	-27	44
45	-26	44
45	-25	43
45	-23	42
46	-22	40
44	-21	39
43	-21	38
44	-21	38
46	-20	36
39	-22	35
39	-23	35
40	-23	36
40	-24	37
41	-25	38
41	-25	38
41	-25	39
41	-25	40
41	-25	39
42	-25	40
42	-26	41
43	-26	41
43	-26	41
43	-26	41
43	-26	41
42	-26	41
42	-26	41
43	-26	41
43	-26	41
43	-26	41
44	-26	41
45	-26	41
46	-26	41
46	-27	41
47	-26	42
47	-26	42
47	-26	42
48	-26	42
49	-26	42
50	-26	42
51	-26	42
51	-27	42
52	-27	42
52	-27	43
52	-27	43
53	-27	43
54	-27	44
54	-27	44
54	-27	43
55	-27	44
55	-27	44
55	-27	44
56	-27	44
57	-27	45
57	-27	45
57	-27	46
57	-28	46
58	-28	47
58	-28	47
58	-28	47
58	-28	47
58	-28	47
58	-28	47
58	-28	48
58	-28	48
58	-28	48
58	-28	48
58	-28	48
58	-28	48
58	-28	48
58	-28	49
57	-28	49
57	-28	49
57	-28	49
57	-28	49
57	-28	49
56	-28	49
56	-28	49
56	-29	49
56	-29	49
56	-28	49
56	-28	48
57	-28	48
57	-28	48
57	-28	48
57	-28	48
58	-28	48
58	-28	48
58	-28	48
58	-28	48
58	-28	48
59	-28	48
59	-28	48
59	-28	48
60	-28	48
61	-28	48
60	-28	48
60	-28	48
60	-28	48
60	-28	48
59	-28	48
58	-28	48
58	-28	48
58	-28	48
57	-28	48
57	-28	48
57	-29	48
57	-29	48
56	-29	48
56	-30	48
56	-30	48
56	-30	48
56	-29	48
56	-29	48
56	-29	48
56	-29	48
56	-29	48
56	-29	48
56	-29	48
56	-29	48
56	-29	48
56	-29	48
55	-29	48
55	-29	48
55	-29	48
55	-28	48
55	-28	48
55	-28	48
55	-28	48
56	-28	48
56	-28	48
56	-28	48
56	-28	48
56	-27	48
56	-27	48
56	-27	48
54	-28	49
54	-28	48
54	-28	48
53	-28	49
52	-28	48
52	-28	48
51	-28	48
50	-28	47
49	-28	48
48	-28	47
47	-28	47
47	-27	46
47	-27	46
46	-27	46
45	-27	45
45	-27	45
45	-27	45
45	-27	45
45	-27	45
45	-27	45
45	-26	44
45	-27	44
45	-27	44
45	-27	44
45	-27	44
45	-26	44
44	-25	42
45	-23	42
45	-22	40
44	-21	38
44	-20	37
45	-20	37
47	-20	37
38	-22	35
39	-23	35
40	-24	37
40	-24	37
40	-24	37
40	-25	37
40	-25	39
41	-25	39
41	-25	40
41	-26	40
42	-26	40
42	-26	41
43	-26	41
43	-26	41
42	-26	41
42	-26	40
42	-26	40
42	-26	41
43	-26	40
43	-26	40
44	-26	41
44	-26	41
45	-26	41
46	-26	41
46	-27	41
47	-26	41
47	-26	41
47	-26	42
48	-26	42
50	-26	42
50	-27	42
51	-26	42
51	-27	42
51	-26	42
52	-27	43
52	-27	43
53	-27	43
54	-27	43
54	-27	43
54	-27	43
55	-27	43
55	-27	44
56	-27	45
57	-27	45
57	-27	46
57	-27	46
57	-28	47
57	-28	47
57	-28	47
57	-28	47
58	-28	47
58	-28	47
58	-28	47
58	-28	48
58	-28	48
58	-28	48
58	-28	48
58	-28	48
58	-28	48
58	-28	48
57	-28	49
57	-28	49
57	-28	49
57	-28	49
57	-28	49
56	-28	49
56	-29	49
56	-29	49
56	-29	49
56	-29	49
56	-28	49
56	-28	48
56	-28	48
56	-28	48
57	-28	48
57	-28	48
57	-28	48
57	-28	48
58	-28	48
58	-28	48
58	-28	48
58	-28	48
58	-28	48
59	-28	48
59	-28	48
60	-28	48
59	-28	48
59	-28	48
59	-28	48
58	-28	48
58	-28	48
58	-28	48
57	-28	48
57	-28	48
56	-28	48
56	-28	48
56	-28	48
56	-29	48
56	-29	48
56	-30	48
56	-30	48
56	-30	48
56	-29	48
56	-29	48
56	-29	48
56	-29	48
56	-29	48
56	-29	48
56	-29	48
56	-29	48
56	-29	48
56	-29	48
55	-29	48
55	-29	48
55	-29	48
55	-28	48
55	-28	48
55	-28	48
55	-28	48
55	-28	48
55	-28	48
56	-28	48
56	-27	48
56	-27	48
56	-27	48
55	-27	48
54	-28	48
54	-28	49
53	-28	49
52	-28	48
52	-28	48
51	-28	48
50	-28	48
49	-28	48
48	-28	47
48	-28	48
47	-28	47
46	-27	46
46	-27	46
45	-27	46
45	-27	45
45	-27	45
45	-27	45
45	-27	45
45	-27	45
45	-27	44
45	-26	44
44	-26	43
44	-27	43
44	-26	43
44	-26	43
44	-26	43
44	-24	42
44	-23	41
44	-21	40
44	-21	39
45	-20	37
46	-20	37
48	-20	36
38	-21	34
39	-22	35
39	-23	36
40	-24	37
40	-24	37
40	-24	37
40	-25	38
41	-25	39
41	-25	40
41	-26	40
42	-26	40
42	-26	41
42	-26	41
42	-26	41
42	-26	41
41	-26	40
41	-26	40
42	-26	40
42	-26	40
43	-26	40
43	-26	41
44	-26	41
45	-26	40
45	-26	41
46	-26	41
46	-26	41
47	-26	41
47	-26	42
48	-26	42
50	-26	42
50	-27	42
50	-27	42
51	-26	42
51	-27	42
52	-27	42
52	-27	43
53	-27	43
53	-27	43
54	-27	43
54	-27	43
54	-27	43
54	-27	43
55	-27	44
56	-27	45
57	-27	46
57	-27	46
57	-27	46
57	-27	47
57	-28	47
57	-27	47
57	-27	47
57	-28	47
57	-28	47
57	-27	47
57	-28	48
57	-28	48
57	-28	48
57	-28	48
57	-28	48
57	-28	48
57	-28	48
57	-28	48
57	-28	49
57	-28	48
57	-28	48
56	-28	48
56	-28	49
56	-28	49
56	-28	49
56	-28	49
56	-28	49
56	-28	48
56	-28	48
56	-28	48
56	-28	48
57	-28	48
57	-28	48
57	-28	48
57	-28	48
58	-28	48
58	-28	48
58	-28	48
58	-28	48
58	-28	48
59	-28	48
59	-28	48
58	-28	48
58	-28	48
58	-28	48
58	-28	48
57	-28	48
57	-28	48
56	-28	48
56	-28	48
56	-28	48
55	-28	48
55	-28	48
55	-29	48
56	-29	48
56	-29	48
56	-30	48
56	-30	48
56	-29	48
56	-29	48
56	-29	48
56	-29	48
56	-29	48
56	-29	48
56	-29	48
56	-29	48
56	-29	48
55	-29	48
55	-29	48
54	-29	48
54	-29	48
54	-28	48
55	-28	48
55	-28	47
55	-28	48
55	-28	47
55	-28	48
56	-28	48
56	-27	47
56	-27	47
56	-27	47
55	-27	48
54	-28	48
53	-28	48
53	-28	48
52	-27	48
51	-27	47
50	-27	47
50	-28	47
49	-28	47
48	-27	47
47	-28	47
46	-27	46
46	-27	46
45	-27	45
45	-27	45
45	-27	45
45	-27	45
45	-27	44
45	-27	44
44	-26	44
44	-26	44
44	-26	43
44	-26	43
44	-26	43
43	-26	42
43	-26	42
43	-26	42
43	-25	42
43	-23	41
43	-21	39
45	-21	38
46	-20	37
47	-20	36
49	-21	36
38	-21	34
38	-22	35
39	-22	35
39	-23	35
40	-24	37
40	-24	37
40	-25	37
41	-25	38
41	-25	39
41	-25	40
41	-26	40
42	-26	41
42	-26	41
42	-26	41
42	-26	41
41	-25	40
41	-25	40
41	-26	40
42	-25	40
42	-26	39
43	-26	40
44	-26	40
44	-26	41
45	-26	41
45	-26	41
46	-26	41
47	-26	41
47	-26	41
48	-26	42
49	-26	42
50	-26	42
50	-27	42
50	-27	42
51	-26	42
52	-27	42
52	-27	43
52	-27	43
53	-27	43
54	-27	43
54	-27	43
54	-27	43
54	-27	43
55	-27	44
56	-27	45
57	-27	46
57	-27	46
57	-27	46
57	-27	46
57	-27	46
57	-27	46
57	-27	46
57	-27	47
57	-28	47
57	-27	47
58	-27	47
57	-27	47
57	-27	47
58	-27	47
57	-28	48
57	-27	48
57	-27	48
57	-28	48
57	-28	49
57	-28	48
56	-27	48
56	-28	48
56	-28	49
56	-28	49
56	-28	49
56	-28	49
56	-28	48
56	-28	48
56	-28	48
56	-28	48
56	-28	48
56	-28	48
57	-28	48
57	-28	48
57	-28	48
57	-28	48
58	-28	48
58	-28	48
58	-28	48
58	-28	48
58	-28	48
58	-28	48
58	-28	48
57	-28	48
57	-28	48
57	-28	48
56	-28	48
56	-28	48
55	-28	48
55	-28	48
55	-28	48
55	-28	48
54	-28	48
54	-29	48
55	-29	48
56	-29	48
56	-30	48
56	-30	48
56	-29	48
56	-29	48
56	-29	48
56	-29	48
56	-29	48
56	-29	48
56	-29	48
56	-29	48
56	-29	48
55	-29	48
54	-29	48
54	-29	48
54	-29	48
54	-28	48
55	-28	48
55	-28	47
55	-28	47
55	-28	47
55	-28	47
56	-28	48
56	-27	47
56	-27	47
56	-27	47
54	-27	47
53	-27	47
53	-27	47
52	-28	47
52	-27	47
51	-27	47
50	-27	47
49	-28	47
49	-28	47
47	-28	47
47	-27	46
46	-27	46
45	-27	45
45	-27	45
45	-27	45
45	-27	45
45	-27	45
44	-26	44
44	-26	44
44	-26	44
44	-26	44
44	-26	43
44	-26	43
43	-26	42
43	-26	42
43	-26	42
43	-25	42
43	-25	42
43	-23	40
43	-21	38
45	-21	37
47	-20	36
48	-20	35
49	-20	35
35	-21	34
36	-21	34
38	-21	34
38	-23	35
38	-23	35
39	-24	35
40	-24	37
40	-25	37
40	-25	38
40	-26	39
41	-26	40
41	-26	41
42	-27	42
42	-27	42
42	-26	41
41	-26	40
41	-25	39
41	-25	39
42	-25	39
43	-25	39
43	-25	39
43	-25	40
44	-26	40
44	-26	40
45	-26	40
45	-26	40
45	-26	41
46	-26	41
47	-26	42
48	-26	42
49	-26	42
49	-26	42
49	-26	42
50	-26	42
50	-26	43
51	-27	43
51	-26	42
52	-27	43
52	-27	43
53	-27	43
53	-27	43
53	-26	44
54	-27	44
55	-26	45
55	-26	45
56	-27	46
56	-26	45
56	-26	45
56	-26	45
56	-26	45
56	-25	45
57	-27	46
57	-27	47
56	-26	46
56	-26	46
56	-27	47
56	-26	46
57	-26	46
57	-26	47
57	-27	47
56	-26	47
56	-27	48
56	-28	48
56	-27	48
55	-26	47
55	-27	48
55	-27	49
55	-27	48
55	-27	48
55	-27	48
55	-28	48
55	-28	47
55	-28	47
55	-28	47
55	-28	47
55	-28	47
56	-28	48
56	-28	47
56	-28	47
56	-28	47
56	-28	47
56	-28	47
57	-28	47
57	-28	47
57	-28	47
57	-28	47
57	-28	47
57	-28	47
57	-28	47
56	-28	47
56	-28	47
56	-28	47
56	-28	48
55	-28	47
55	-28	47
55	-28	47
54	-28	48
54	-28	48
55	-29	48
55	-29	48
55	-29	49
55	-29	49
55	-29	48
55	-29	48
55	-29	48
55	-29	48
55	-28	48
55	-28	48
55	-28	48
55	-28	48
55	-28	48
55	-28	48
54	-28	48
54	-28	47
54	-28	47
54	-28	47
54	-27	47
54	-27	47
54	-28	47
54	-28	47
53	-27	46
53	-27	46
53	-27	46
53	-27	47
53	-26	46
52	-26	46
52	-26	46
51	-26	46
51	-27	46
50	-26	46
49	-26	46
48	-27	46
47	-26	46
46	-27	46
45	-27	45
45	-26	45
44	-26	45
43	-26	45
43	-26	44
45	-27	45
46	-27	44
45	-26	44
43	-27	44
42	-27	43
41	-27	43
41	-26	42
41	-26	42
42	-26	41
42	-26	41
43	-25	40
43	-25	40
42	-25	40
42	-24	40
41	-23	39
41	-22	37
42	-21	36
44	-21	35
47	-21	34
49	-21	34
32	-21	34
35	-21	33
36	-22	33
37	-22	33
37	-22	34
38	-23	34
38	-24	35
39	-25	36
39	-25	37
40	-26	38
40	-26	39
41	-27	40
41	-27	41
41	-27	41
41	-26	41
41	-26	40
42	-25	39
41	-24	38
42	-24	38
42	-24	38
43	-24	39
43	-25	39
43	-25	39
44	-25	39
44	-25	40
45	-25	41
45	-25	41
45	-25	41
45	-25	41
47	-26	42
47	-26	42
47	-26	42
48	-26	43
49	-26	43
49	-26	43
49	-26	43
50	-26	43
50	-26	43
51	-26	44
52	-26	44
52	-26	44
52	-27	45
53	-26	45
54	-26	44
54	-25	45
54	-25	45
55	-25	45
56	-25	45
56	-26	45
56	-25	44
56	-25	44
56	-26	45
56	-26	46
55	-25	46
55	-26	46
54	-26	46
55	-26	46
56	-25	46
56	-26	47
56	-26	47
56	-26	47
55	-25	47
55	-26	47
55	-26	47
54	-26	47
54	-26	47
54	-27	48
54	-26	47
54	-26	48
53	-27	47
53	-27	47
53	-28	47
53	-28	47
54	-28	47
54	-28	47
54	-28	47
54	-28	47
54	-28	47
55	-28	47
55	-28	47
55	-28	47
55	-28	47
56	-28	47
56	-28	47
56	-28	47
56	-28	47
56	-28	47
56	-28	47
56	-28	47
56	-28	47
56	-28	47
56	-28	47
56	-28	47
55	-28	47
55	-28	47
54	-28	47
54	-28	48
54	-28	48
55	-29	48
55	-29	48
55	-29	49
55	-29	49
55	-29	48
55	-29	48
55	-28	48
55	-28	48
55	-28	48
55	-28	48
55	-28	47
55	-28	47
55	-28	47
54	-28	47
54	-28	47
53	-28	47
53	-28	47
53	-28	47
53	-28	47
52	-27	46
52	-27	46
52	-27	45
51	-27	45
51	-27	45
51	-27	45
51	-27	45
50	-26	45
51	-26	45
51	-26	44
50	-25	44
50	-26	44
48	-25	44
47	-25	44
45	-25	44
45	-26	44
44	-26	44
43	-25	44
42	-25	44
42	-25	44
42	-25	44
42	-25	44
44	-26	44
47	-27	44
45	-26	44
42	-26	43
40	-26	42
40	-27	42
39	-26	41
40	-26	41
41	-26	41
41	-26	40
42	-25	39
42	-25	39
42	-25	39
41	-25	38
41	-23	37
40	-22	36
40	-22	35
41	-21	34
46	-22	33
48	-21	32
36	-21	34
36	-20	33
36	-21	33
36	-22	32
37	-22	33
37	-23	33
38	-24	34
38	-24	35
39	-25	36
39	-25	37
40	-26	38
40	-26	39
41	-27	41
41	-27	41
41	-26	40
41	-25	40
41	-25	39
41	-25	39
41	-24	38
42	-24	38
42	-24	38
43	-24	39
43	-25	39
43	-25	39
44	-25	39
44	-25	40
45	-25	41
45	-25	41
45	-25	41
47	-25	41
47	-26	41
47	-26	42
48	-26	42
48	-26	43
49	-26	43
49	-26	43
50	-26	43
50	-26	43
51	-26	43
51	-26	44
52	-27	45
52	-27	45
52	-26	45
53	-25	44
54	-25	44
54	-25	44
55	-25	45
55	-25	45
56	-25	44
56	-25	44
56	-25	44
56	-25	45
56	-25	45
55	-25	45
54	-25	45
54	-25	45
55	-25	45
56	-25	46
56	-26	46
56	-25	46
55	-25	46
55	-25	46
55	-26	47
54	-26	47
54	-26	47
54	-25	47
54	-26	47
53	-26	47
53	-26	47
53	-27	47
53	-27	47
53	-27	47
53	-27	47
53	-28	47
54	-28	47
54	-28	47
54	-28	47
54	-28	47
54	-28	47
55	-28	47
55	-28	47
55	-28	47
55	-28	47
56	-28	47
56	-28	47
56	-28	47
56	-28	47
56	-28	47
56	-28	47
56	-28	47
56	-28	47
55	-28	47
55	-28	47
55	-28	47
54	-28	47
54	-28	47
54	-28	48
54	-28	48
54	-28	48
54	-28	48
54	-28	48
54	-28	48
54	-28	48
54	-28	48
54	-28	48
54	-28	48
54	-28	48
54	-28	48
54	-28	48
54	-28	47
54	-28	47
54	-28	47
53	-28	47
53	-28	47
53	-28	47
52	-27	46
52	-27	46
52	-28	46
52	-27	46
51	-27	45
51	-27	45
51	-27	45
50	-27	45
50	-27	45
50	-27	45
50	-26	44
50	-24	43
49	-24	43
49	-24	43
47	-24	43
46	-24	43
45	-24	44
44	-25	43
43	-25	44
43	-25	44
42	-25	44
42	-25	44
42	-25	44
42	-25	44
44	-26	44
46	-27	44
44	-26	43
42	-26	42
40	-26	42
39	-26	41
39	-26	41
40	-26	40
40	-26	40
41	-25	40
41	-25	39
41	-25	38
41	-24	38
40	-23	37
41	-23	36
43	-23	35
41	-22	34
42	-22	34
44	-21	32
44	-21	32
37	-21	33
36	-21	33
36	-21	32
36	-21	32
36	-22	32
37	-22	33
38	-23	33
38	-24	34
38	-24	35
39	-24	36
40	-26	38
40	-26	39
40	-26	40
40	-26	40
41	-26	40
41	-25	39
41	-25	39
41	-25	38
41	-24	38
41	-24	38
42	-24	38
42	-24	38
43	-25	39
43	-25	39
43	-25	39
44	-25	40
44	-25	40
44	-26	41
45	-25	41
46	-25	41
47	-26	42
47	-26	42
47	-26	42
48	-26	43
48	-26	43
49	-26	43
49	-26	43
50	-26	44
50	-26	44
51	-26	44
52	-27	45
52	-27	45
52	-26	44
53	-25	44
53	-25	44
54	-25	44
54	-25	44
55	-25	44
55	-25	44
56	-25	44
56	-25	44
55	-25	44
55	-25	44
54	-25	45
54	-25	45
54	-25	45
54	-25	45
56	-25	46
55	-25	46
55	-25	46
55	-25	46
55	-25	46
54	-25	46
54	-25	46
54	-26	47
54	-26	47
53	-26	47
52	-25	47
52	-26	47
52	-27	47
52	-26	46
52	-26	46
52	-27	46
53	-28	47
53	-27	47
53	-28	47
54	-28	47
54	-28	47
54	-28	47
54	-28	47
54	-28	47
55	-28	47
55	-28	47
55	-28	47
56	-28	47
56	-28	47
56	-28	47
56	-28	47
56	-28	47
56	-28	47
55	-28	47
55	-28	47
55	-28	47
54	-28	47
54	-27	47
54	-28	47
54	-28	47
54	-28	47
54	-28	48
54	-28	48
54	-28	48
54	-28	48
54	-28	48
54	-28	48
54	-28	48
54	-28	48
54	-28	48
54	-28	48
54	-28	48
54	-28	47
54	-28	47
54	-28	47
53	-28	47
52	-28	46
52	-28	46
52	-28	46
52	-27	46
51	-27	45
51	-27	45
51	-27	45
50	-27	45
50	-27	45
50	-27	45
50	-27	45
50	-27	45
50	-26	44
49	-24	42
49	-24	42
48	-23	42
47	-24	42
46	-24	43
45	-24	43
44	-25	43
43	-24	43
42	-25	43
42	-25	44
42	-25	44
42	-25	44
42	-25	44
43	-26	44
45	-26	44
43	-26	43
42	-27	43
40	-26	42
39	-26	41
39	-26	40
40	-25	40
40	-25	39
41	-25	39
41	-25	38
41	-25	38
40	-24	37
39	-24	37
41	-22	35
44	-22	34
42	-22	34
41	-21	33
41	-21	32
41	-21	31
35	-21	33
35	-21	33
35	-21	32
36	-21	32
36	-21	32
36	-22	33
37	-22	33
37	-22	34
38	-23	35
38	-24	35
39	-25	37
39	-25	38
40	-25	39
40	-26	40
40	-25	39
40	-25	39
40	-24	38
40	-24	38
41	-24	38
41	-24	38
41	-25	38
41	-24	38
42	-24	39
42	-24	39
43	-25	39
43	-24	39
43	-25	40
44	-26	41
44	-26	41
45	-25	41
46	-25	42
46	-26	42
47	-26	42
47	-26	43
48	-26	43
48	-26	43
49	-26	44
49	-26	43
50	-26	44
50	-26	43
50	-26	44
51	-26	44
51	-26	44
52	-25	44
52	-24	43
53	-24	43
54	-25	43
54	-25	43
55	-25	44
55	-25	44
55	-25	44
55	-25	44
54	-25	44
54	-25	45
54	-25	45
53	-25	45
54	-25	45
55	-25	45
55	-25	45
55	-25	46
54	-25	46
54	-25	46
54	-25	46
54	-25	46
53	-25	46
53	-25	46
52	-25	46
52	-25	46
52	-25	47
52	-27	47
52	-26	46
52	-26	46
52	-27	46
52	-28	46
52	-27	46
52	-27	46
52	-27	46
53	-27	46
53	-27	46
54	-27	46
54	-27	46
54	-27	46
54	-27	46
54	-27	46
55	-28	46
56	-27	46
55	-27	46
55	-27	46
55	-27	46
55	-27	46
54	-27	46
54	-27	46
54	-27	46
54	-27	46
54	-28	46
53	-27	46
53	-28	47
53	-28	47
54	-28	48
54	-28	48
54	-28	48
54	-28	48
54	-28	48
54	-28	48
54	-28	48
54	-28	48
54	-28	47
54	-28	47
54	-28	47
54	-28	47
54	-28	47
53	-28	47
52	-27	46
52	-27	46
52	-27	46
51	-27	45
51	-27	45
51	-27	45
50	-27	45
50	-27	45
50	-27	45
50	-27	45
49	-27	45
49	-27	45
49	-27	45
49	-26	44
49	-24	42
48	-24	42
47	-24	42
46	-24	42
45	-24	43
44	-24	43
43	-24	43
42	-25	43
42	-25	43
42	-25	43
42	-25	43
42	-25	44
42	-25	44
43	-26	44
44	-26	43
43	-26	43
41	-26	42
40	-26	42
40	-26	41
39	-26	40
40	-25	40
40	-25	39
40	-25	39
40	-25	39
40	-24	38
39	-24	37
38	-24	37
41	-22	35
44	-22	34
41	-21	33
40	-21	32
38	-20	31
37	-20	31
33	-21	33
34	-21	33
35	-21	33
35	-21	32
35	-21	32
36	-21	32
36	-22	32
36	-22	33
37	-22	34
38	-23	35
38	-24	36
38	-25	37
39	-25	39
39	-25	39
40	-25	38
40	-25	38
40	-25	38
40	-24	37
40	-24	38
40	-24	38
40	-24	38
41	-24	38
41	-25	39
41	-25	39
42	-25	39
42	-24	40
43	-25	40
43	-24	40
43	-26	41
45	-25	41
45	-25	41
45	-26	41
46	-26	42
46	-26	42
47	-26	43
47	-26	43
48	-26	43
49	-26	43
49	-26	44
49	-26	43
50	-26	44
50	-26	43
50	-25	43
51	-25	43
52	-25	43
52	-24	43
53	-24	43
54	-25	44
54	-25	44
54	-25	44
54	-25	44
54	-25	44
54	-25	44
53	-25	45
53	-25	45
52	-25	45
53	-25	45
54	-25	45
54	-25	45
54	-25	45
54	-25	45
53	-25	46
53	-25	46
53	-25	46
52	-25	46
52	-25	46
52	-25	46
51	-25	46
51	-25	46
51	-26	47
51	-26	46
51	-26	46
51	-27	46
51	-27	46
51	-27	46
52	-27	46
52	-27	46
52	-27	46
52	-27	46
53	-27	46
53	-27	46
53	-27	46
53	-27	46
53	-27	46
54	-27	46
55	-27	46
54	-27	46
54	-27	46
54	-27	46
54	-27	46
54	-27	46
54	-27	46
53	-27	46
53	-27	46
53	-27	46
52	-27	46
52	-27	46
52	-28	46
53	-28	47
53	-28	48
53	-28	48
53	-28	48
53	-28	47
53	-28	47
53	-28	47
53	-28	47
53	-28	47
53	-28	47
53	-28	47
53	-28	47
52	-27	46
52	-27	46
51	-27	46
51	-27	46
51	-27	45
50	-27	45
50	-27	45
50	-27	45
50	-27	45
49	-27	45
49	-27	45
49	-27	45
49	-27	45
49	-27	45
49	-27	44
49	-26	44
48	-23	42
47	-24	42
46	-24	42
45	-24	42
44	-24	42
43	-24	43
43	-25	43
42	-25	43
41	-25	43
41	-25	43
41	-25	43
42	-25	44
42	-25	44
42	-25	43
43	-26	43
42	-26	42
41	-26	42
40	-26	41
40	-26	41
40	-26	41
40	-25	40
40	-25	39
40	-25	39
40	-25	38
39	-25	38
38	-24	37
38	-24	36
40	-22	35
41	-21	34
39	-21	33
36	-20	32
34	-20	31
33	-20	30
31	-20	33
33	-21	34
34	-21	33
34	-21	33
34	-21	32
34	-21	32
35	-21	32
36	-23	33
36	-22	33
37	-22	34
37	-23	35
38	-23	36
38	-24	37
38	-24	38
38	-24	38
38	-24	37
39	-24	37
39	-24	37
39	-24	38
40	-25	38
40	-25	38
40	-24	38
40	-24	38
41	-24	38
41	-25	39
41	-25	39
42	-25	39
42	-25	40
42	-25	40
44	-25	40
45	-25	41
45	-25	41
45	-26	42
45	-26	42
46	-26	43
47	-26	43
47	-26	43
47	-26	43
48	-27	44
49	-26	43
49	-26	44
49	-25	44
50	-25	44
50	-25	43
51	-25	43
52	-25	43
52	-24	43
53	-24	43
53	-24	43
54	-25	43
54	-25	43
53	-25	44
53	-25	44
52	-24	44
52	-25	44
52	-25	45
52	-25	45
53	-25	45
53	-25	45
53	-25	45
53	-25	45
52	-25	45
52	-25	46
52	-25	46
51	-25	46
51	-25	46
51	-25	46
51	-25	46
51	-26	46
50	-27	46
50	-27	46
50	-27	46
50	-27	46
50	-27	46
50	-27	46
51	-27	46
51	-27	46
52	-27	46
52	-27	46
52	-27	46
52	-27	46
52	-27	46
53	-27	46
53	-27	46
53	-27	46
54	-27	46
54	-27	46
54	-27	46
54	-27	46
53	-27	46
53	-27	46
53	-27	46
52	-27	46
52	-27	46
52	-27	46
52	-27	46
52	-27	46
52	-27	46
52	-27	47
52	-28	47
52	-28	48
52	-28	48
52	-28	47
52	-28	47
52	-28	47
52	-28	47
52	-28	47
52	-28	47
52	-28	47
52	-27	47
52	-27	46
51	-27	46
50	-27	46
50	-27	45
50	-27	45
50	-27	45
49	-27	45
49	-27	45
49	-27	45
49	-27	45
49	-27	45
49	-27	45
48	-27	45
48	-27	44
47	-26	44
47	-26	43
47	-24	42
46	-24	42
45	-23	42
44	-23	42
43	-24	42
42	-23	42
42	-24	42
41	-25	42
41	-25	43
41	-25	43
41	-25	43
41	-25	43
41	-25	43
41	-25	42
42	-26	42
41	-26	42
41	-26	42
40	-26	41
40	-26	41
40	-26	41
40	-25	40
40	-25	39
40	-25	39
39	-25	39
38	-25	37
38	-24	37
38	-24	36
38	-23	35
38	-20	34
35	-20	32
32	-20	31
30	-20	31
30	-19	30
33	-21	34
34	-21	34
34	-21	33
33	-21	32
34	-20	32
34	-21	32
34	-21	32
35	-22	32
36	-21	33
36	-22	34
36	-23	35
37	-22	36
37	-23	37
37	-23	37
38	-23	38
38	-23	37
38	-23	37
38	-24	37
38	-23	37
38	-24	37
38	-23	38
39	-23	38
39	-23	38
40	-24	39
40	-24	39
41	-24	39
41	-24	39
41	-25	40
41	-24	40
43	-25	40
43	-24	40
44	-25	41
44	-25	41
45	-25	42
45	-25	42
46	-25	42
46	-25	42
47	-26	43
47	-25	43
48	-25	43
48	-25	43
48	-25	43
49	-25	43
50	-24	43
50	-24	43
50	-24	43
51	-24	42
52	-24	43
52	-24	43
52	-24	43
52	-24	43
52	-24	43
52	-25	44
52	-25	43
51	-25	44
51	-25	44
52	-25	45
52	-25	45
52	-25	44
52	-25	44
52	-25	45
52	-25	45
51	-25	45
51	-25	45
50	-25	45
50	-25	45
50	-25	45
50	-25	45
50	-25	45
49	-26	46
49	-26	46
49	-26	46
49	-26	45
50	-27	45
50	-27	45
50	-27	45
50	-27	46
51	-27	45
51	-27	45
51	-27	45
52	-27	45
52	-27	45
52	-27	46
52	-27	46
53	-27	45
53	-27	45
53	-27	45
53	-27	45
53	-27	45
52	-27	46
52	-27	46
52	-27	46
52	-27	45
51	-27	45
51	-27	45
51	-27	45
51	-27	46
51	-27	46
51	-28	46
51	-28	46
51	-28	47
51	-28	47
51	-28	46
51	-28	46
51	-28	46
51	-28	46
51	-28	46
51	-28	46
51	-28	46
51	-28	46
50	-27	46
50	-27	46
50	-27	45
49	-27	45
49	-27	45
49	-27	45
49	-27	45
49	-27	45
48	-27	45
48	-27	45
48	-27	45
47	-26	44
47	-26	44
47	-26	44
47	-26	44
46	-25	43
46	-24	42
45	-23	41
44	-23	42
43	-23	41
42	-23	41
41	-24	42
41	-24	42
41	-24	42
41	-25	43
41	-25	43
41	-25	43
41	-25	43
41	-25	43
41	-25	42
41	-26	42
41	-26	42
41	-26	42
40	-26	41
40	-26	41
40	-26	41
39	-26	40
39	-26	39
39	-26	40
39	-25	39
40	-25	38
40	-24	37
40	-24	37
38	-22	35
35	-21	33
31	-20	32
29	-20	31
27	-19	30
27	-18	29
35	-22	35
34	-21	34
33	-20	33
32	-20	32
33	-20	31
33	-20	31
34	-21	31
34	-20	31
34	-20	32
35	-20	33
35	-21	34
36	-21	36
36	-21	36
36	-22	36
36	-22	37
36	-22	37
36	-23	37
37	-23	37
37	-23	37
37	-23	37
38	-23	38
38	-23	38
38	-23	38
39	-23	39
40	-24	39
40	-23	39
40	-24	39
40	-24	40
41	-24	40
42	-24	40
42	-24	40
43	-24	41
43	-24	41
44	-24	41
44	-24	42
45	-25	43
45	-25	43
46	-25	42
47	-25	42
47	-25	43
47	-25	43
47	-25	43
48	-25	42
49	-24	42
49	-24	42
50	-24	42
50	-24	42
51	-24	42
52	-24	42
52	-24	42
52	-24	42
52	-24	43
52	-25	43
51	-25	43
50	-25	43
50	-25	44
51	-25	44
52	-25	44
51	-25	44
51	-25	44
51	-25	44
50	-25	44
50	-25	44
50	-25	44
50	-25	45
49	-24	45
49	-25	44
49	-25	45
49	-25	45
49	-26	45
49	-26	45
49	-26	45
49	-27	45
49	-27	45
49	-27	45
50	-27	45
50	-27	45
50	-27	45
50	-27	45
50	-27	45
50	-27	45
51	-27	45
51	-27	45
51	-27	45
52	-27	45
52	-27	45
52	-27	45
52	-27	45
52	-27	45
52	-27	45
52	-27	45
51	-27	45
51	-27	45
50	-27	45
50	-27	45
50	-27	45
50	-27	45
50	-27	46
50	-27	45
50	-27	46
50	-28	47
50	-28	47
50	-27	46
50	-27	46
50	-27	46
50	-27	46
50	-27	46
50	-27	46
50	-27	46
50	-27	46
50	-27	45
49	-27	45
49	-27	45
49	-27	45
48	-27	45
48	-26	44
48	-27	45
47	-26	44
47	-27	45
47	-27	44
47	-26	44
46	-26	44
46	-26	43
46	-26	43
45	-26	43
45	-25	43
45	-23	41
44	-24	41
43	-23	41
43	-24	41
41	-23	42
41	-24	42
41	-24	42
40	-24	41
40	-24	42
40	-24	42
40	-24	42
41	-25	43
41	-25	43
41	-25	43
40	-26	42
40	-26	42
40	-26	42
40	-26	41
40	-26	41
40	-26	41
39	-25	40
38	-25	39
39	-26	39
39	-25	39
40	-25	38
41	-24	37
41	-23	36
38	-21	34
32	-20	32
28	-19	31
24	-18	30
23	-18	28
25	-19	28
34	-21	35
33	-21	34
32	-21	33
32	-20	32
32	-19	30
32	-20	30
33	-20	30
33	-20	30
34	-19	32
34	-20	32
35	-20	33
35	-20	34
36	-20	35
36	-20	36
36	-21	36
36	-22	36
36	-22	37
36	-22	37
36	-23	37
36	-23	37
37	-23	37
37	-23	38
38	-23	38
38	-23	38
38	-23	38
38	-23	38
39	-23	39
39	-24	39
40	-24	40
41	-24	40
41	-23	40
42	-23	41
42	-24	41
43	-24	41
43	-25	42
44	-24	41
45	-25	42
45	-25	42
46	-25	43
46	-25	43
46	-25	43
47	-25	42
47	-25	43
48	-24	42
49	-24	42
49	-24	42
50	-24	42
50	-24	42
51	-24	42
51	-24	42
51	-24	42
51	-24	43
50	-24	43
50	-24	43
50	-24	43
49	-24	43
50	-25	44
51	-25	44
50	-25	44
50	-25	44
50	-25	44
50	-24	44
49	-24	44
49	-25	44
49	-25	44
49	-25	45
48	-25	45
48	-25	44
48	-25	45
48	-26	45
48	-25	44
48	-26	45
48	-27	45
49	-27	45
49	-27	45
49	-27	45
49	-27	45
49	-27	45
49	-27	45
50	-27	45
50	-27	45
50	-27	45
50	-27	45
50	-27	45
51	-27	45
52	-27	45
52	-27	45
51	-27	45
51	-27	45
51	-27	45
50	-27	45
50	-27	45
50	-27	45
50	-27	45
50	-27	45
49	-27	45
49	-27	45
49	-27	45
49	-27	45
49	-27	46
49	-27	46
49	-27	46
49	-27	46
49	-27	46
49	-27	46
49	-27	46
49	-27	45
49	-27	45
49	-27	45
49	-27	45
49	-27	45
49	-27	45
48	-27	45
47	-27	45
47	-27	45
47	-26	44
47	-26	44
47	-26	44
46	-26	44
46	-26	44
45	-26	43
45	-26	43
45	-26	43
45	-26	42
45	-26	42
45	-26	42
43	-23	41
43	-24	41
42	-23	41
41	-23	41
41	-24	41
40	-23	41
40	-24	41
40	-25	42
40	-24	42
40	-24	42
40	-24	42
40	-24	42
41	-25	43
40	-26	42
40	-26	42
40	-26	42
40	-26	42
40	-26	42
40	-26	41
39	-26	41
38	-25	40
38	-25	39
39	-26	40
40	-26	39
42	-25	38
44	-25	37
45	-24	36
40	-22	34
32	-20	32
25	-18	30
21	-17	29
20	-17	27
23	-17	27
31	-22	35
32	-21	34
32	-21	33
32	-20	31
32	-20	30
32	-20	30
32	-19	30
33	-20	30
33	-19	31
34	-19	32
34	-18	32
34	-19	33
35	-20	34
35	-20	35
35	-20	36
35	-22	36
35	-22	36
35	-22	36
35	-22	36
36	-23	36
36	-23	37
36	-23	37
37	-23	37
37	-23	37
38	-23	38
38	-23	38
38	-23	38
38	-23	39
39	-24	39
40	-24	39
41	-24	40
41	-24	40
41	-24	40
42	-24	41
43	-24	41
43	-24	41
44	-25	41
44	-24	42
45	-25	43
45	-25	43
46	-25	43
46	-25	42
47	-24	42
47	-24	42
48	-24	42
49	-24	42
49	-24	41
50	-24	42
50	-24	42
50	-24	42
50	-24	42
50	-24	42
50	-24	42
49	-24	42
49	-24	42
49	-24	43
49	-24	43
50	-24	43
50	-25	44
50	-24	44
49	-25	44
49	-24	44
49	-25	44
49	-25	44
48	-25	44
48	-25	45
47	-25	44
47	-25	44
47	-25	44
47	-26	45
47	-25	44
47	-25	44
47	-26	45
48	-27	45
48	-27	44
48	-27	45
49	-27	45
49	-27	45
49	-27	45
49	-27	45
49	-27	45
49	-26	44
50	-27	45
50	-27	45
50	-26	44
51	-26	44
51	-27	45
51	-27	45
50	-26	44
50	-27	45
50	-27	45
50	-27	45
49	-26	44
49	-27	45
49	-27	45
49	-27	44
49	-27	45
49	-27	45
49	-27	45
49	-27	45
49	-27	46
49	-27	46
49	-27	46
49	-27	46
49	-27	45
49	-27	45
49	-27	45
49	-27	45
49	-27	45
49	-27	45
48	-26	44
48	-26	44
47	-27	44
47	-26	44
47	-26	44
46	-26	44
46	-26	43
46	-26	43
45	-26	43
45	-26	43
45	-26	43
45	-26	43
44	-26	43
44	-26	43
44	-26	43
44	-25	42
43	-24	41
42	-23	40
41	-23	40
41	-23	41
40	-23	41
40	-24	41
39	-23	41
39	-25	41
39	-25	41
40	-25	42
40	-24	42
40	-24	42
40	-24	42
40	-25	42
40	-26	42
40	-26	42
40	-26	42
40	-26	41
39	-26	41
38	-26	41
38	-26	40
38	-26	39
39	-26	40
41	-25	40
44	-25	38
46	-25	37
48	-23	36
40	-21	34
30	-19	31
22	-17	28
18	-17	26
19	-17	26
24	-16	27
27	-21	34
29	-21	34
31	-21	33
31	-20	32
31	-19	31
32	-19	30
32	-18	30
32	-18	30
32	-17	30
33	-18	31
34	-19	32
34	-18	33
34	-19	33
34	-19	35
34	-20	35
34	-21	35
34	-21	35
34	-22	36
34	-22	36
35	-22	36
35	-22	36
36	-23	37
36	-23	37
36	-23	37
37	-23	37
37	-23	38
38	-23	38
38	-23	39
38	-24	39
40	-24	39
40	-24	39
40	-24	40
41	-24	40
41	-24	40
42	-24	41
43	-24	41
43	-24	41
43	-24	41
44	-24	42
45	-25	42
45	-25	42
45	-25	42
46	-24	41
47	-24	42
47	-23	41
48	-24	42
49	-24	42
49	-23	41
49	-23	41
50	-24	42
50	-24	41
50	-24	42
49	-24	42
49	-24	42
48	-24	41
48	-24	42
49	-24	43
49	-24	42
49	-24	43
49	-25	44
49	-24	43
49	-24	44
48	-25	43
48	-24	43
47	-25	44
47	-25	44
47	-25	44
47	-25	44
47	-25	44
47	-25	44
47	-25	44
47	-25	44
47	-26	44
47	-27	44
47	-26	44
47	-26	44
48	-27	45
48	-26	44
48	-26	44
49	-27	44
49	-27	44
49	-27	44
49	-27	44
49	-27	45
50	-27	44
50	-26	44
50	-27	45
50	-27	44
50	-26	44
50	-27	44
50	-27	45
49	-27	44
49	-27	44
49	-27	45
49	-27	44
48	-27	44
48	-27	44
48	-27	45
48	-27	45
48	-27	45
48	-27	45
48	-27	45
48	-27	45
48	-27	45
48	-27	45
48	-27	45
48	-27	45
48	-27	45
48	-27	45
48	-27	45
47	-26	44
47	-26	44
46	-26	44
46	-26	43
46	-26	43
45	-26	43
45	-26	43
45	-26	43
45	-26	43
45	-26	42
44	-26	43
44	-26	43
44	-26	42
44	-26	42
43	-26	42
43	-25	41
41	-23	40
41	-23	40
41	-23	40
40	-23	40
39	-23	40
39	-23	40
39	-24	41
39	-24	41
39	-25	41
39	-25	42
40	-25	42
40	-24	42
40	-24	42
40	-25	42
40	-26	42
40	-26	42
40	-26	42
39	-25	41
39	-26	41
38	-26	41
37	-26	40
37	-25	39
40	-25	39
42	-25	39
46	-25	39
49	-25	38
51	-23	35
41	-21	34
29	-19	31
20	-17	26
16	-16	23
19	-16	25
27	-15	26
25	-23	33
29	-21	33
31	-21	33
31	-20	32
31	-19	31
31	-18	30
32	-18	30
32	-18	29
32	-18	30
32	-17	31
33	-17	31
33	-18	32
34	-18	33
34	-19	34
34	-19	34
33	-21	35
34	-21	35
34	-21	35
34	-22	35
34	-22	36
35	-22	36
35	-22	36
36	-23	36
36	-23	36
36	-23	37
37	-23	37
37	-23	38
37	-23	38
38	-23	39
39	-23	39
40	-24	39
40	-24	40
40	-24	39
41	-24	40
41	-24	40
42	-23	41
43	-24	41
43	-24	41
44	-25	41
44	-24	41
45	-24	41
45	-24	41
45	-24	41
47	-24	41
47	-23	41
47	-23	41
48	-23	41
49	-23	41
49	-23	41
49	-24	41
50	-24	42
49	-23	41
49	-24	41
49	-24	42
48	-24	41
48	-24	42
48	-24	42
49	-24	42
49	-24	43
49	-24	43
48	-24	43
48	-24	43
47	-24	43
47	-24	43
47	-25	43
47	-24	43
46	-25	44
46	-24	43
46	-24	43
46	-25	43
46	-25	44
46	-25	43
46	-26	44
47	-27	44
47	-26	43
47	-26	44
47	-26	44
47	-26	43
48	-26	44
48	-26	44
49	-27	44
49	-26	43
49	-26	43
49	-27	44
50	-27	44
50	-26	43
50	-27	44
50	-26	44
49	-26	43
49	-26	44
49	-27	44
49	-27	43
49	-26	43
48	-26	44
48	-27	44
48	-26	43
48	-26	44
48	-27	44
47	-27	45
47	-27	45
47	-27	45
47	-27	45
47	-27	45
47	-27	45
47	-27	45
47	-26	44
47	-26	44
47	-26	44
47	-26	44
47	-26	44
47	-26	44
47	-26	43
46	-26	43
45	-26	43
45	-26	43
45	-26	43
45	-26	43
45	-26	42
44	-26	42
44	-26	42
44	-26	42
44	-26	42
43	-26	42
43	-25	42
43	-26	41
43	-25	41
41	-23	40
41	-23	40
40	-23	39
40	-23	39
39	-23	40
38	-23	40
38	-24	40
38	-24	41
39	-25	41
39	-25	41
40	-25	42
40	-24	42
40	-24	42
40	-25	42
40	-26	42
40	-26	42
40	-26	42
39	-25	41
38	-26	41
38	-26	41
37	-26	40
37	-25	39
40	-25	39
43	-26	40
47	-25	39
50	-24	37
54	-24	35
41	-21	33
26	-18	30
18	-17	24
14	-15	21
20	-15	25
31	-16	25
25	-23	32
28	-22	33
30	-21	32
30	-20	31
30	-19	31
31	-18	30
31	-18	30
32	-18	29
31	-17	29
32	-17	30
32	-17	32
32	-17	32
33	-17	33
34	-18	33
34	-19	34
33	-21	34
33	-21	35
33	-22	35
34	-22	36
34	-22	35
34	-22	36
35	-22	36
35	-22	36
35	-22	36
36	-23	37
36	-23	37
36	-23	37
37	-23	38
37	-22	38
38	-23	38
39	-23	38
40	-24	39
40	-24	39
40	-24	39
41	-24	40
41	-23	40
42	-24	40
43	-24	41
43	-24	41
43	-24	41
44	-24	41
44	-24	41
45	-24	41
46	-23	41
47	-23	41
47	-23	41
48	-23	40
48	-23	40
49	-23	41
49	-23	41
49	-23	41
49	-23	41
49	-24	41
48	-23	41
48	-24	41
47	-23	41
48	-24	42
48	-24	41
48	-24	42
48	-23	42
47	-24	42
47	-24	42
47	-24	42
47	-24	42
46	-24	42
46	-24	43
46	-24	43
45	-24	43
45	-24	43
45	-25	43
45	-25	43
46	-25	43
46	-26	43
46	-26	43
46	-26	43
47	-26	43
47	-26	44
47	-26	43
47	-26	43
48	-26	44
48	-26	43
48	-26	43
48	-26	43
48	-26	43
49	-26	43
49	-26	43
49	-26	43
49	-26	43
49	-26	43
49	-26	43
49	-26	43
48	-26	43
48	-26	43
47	-26	43
47	-26	43
47	-26	43
47	-26	43
47	-26	44
47	-27	44
47	-27	44
47	-27	44
47	-27	44
47	-27	44
47	-27	44
47	-27	44
47	-26	44
47	-26	44
47	-26	44
47	-26	44
47	-26	44
47	-26	43
46	-26	43
45	-26	43
45	-26	43
45	-26	42
45	-26	42
45	-26	42
44	-26	42
44	-26	42
43	-26	42
43	-26	42
43	-26	42
43	-26	41
42	-25	41
42	-25	41
42	-24	41
40	-22	39
40	-23	39
40	-23	39
39	-23	39
38	-23	39
38	-23	40
38	-22	40
38	-24	40
38	-24	41
39	-25	41
40	-25	42
40	-24	42
40	-24	42
40	-25	42
40	-26	42
40	-26	42
40	-26	42
39	-26	41
38	-26	41
37	-26	40
37	-26	40
37	-25	39
40	-25	39
43	-25	39
49	-25	39
52	-25	37
55	-23	35
41	-21	33
23	-18	29
15	-16	21
14	-13	19
22	-16	25
35	-16	24
33	-23	35
30	-22	34
28	-21	32
28	-20	32
29	-19	31
30	-19	30
31	-18	30
32	-18	29
31	-17	29
30	-16	30
30	-17	31
31	-17	32
32	-16	33
34	-17	33
35	-18	33
33	-20	34
33	-21	35
33	-22	35
33	-22	35
33	-21	35
34	-22	35
34	-21	35
34	-21	36
35	-22	36
35	-22	36
35	-22	36
35	-21	36
36	-22	37
36	-22	37
37	-22	38
38	-23	39
38	-23	39
38	-23	39
39	-23	39
40	-23	40
40	-23	40
40	-23	39
41	-23	40
41	-23	41
42	-23	41
42	-24	41
42	-23	41
43	-23	41
45	-23	40
45	-23	40
45	-23	40
46	-23	39
46	-23	40
47	-23	40
47	-23	40
47	-23	40
47	-23	40
47	-23	40
47	-23	40
47	-24	41
47	-23	41
47	-23	41
47	-23	41
47	-24	41
47	-24	42
47	-24	42
46	-24	42
46	-24	42
46	-24	42
45	-24	42
45	-24	42
45	-24	43
45	-24	42
45	-24	42
45	-25	43
45	-25	42
45	-25	42
45	-26	43
45	-26	43
45	-26	43
45	-26	43
45	-26	43
46	-26	43
46	-26	42
46	-26	43
47	-26	43
47	-26	42
47	-26	43
47	-26	43
48	-26	42
48	-26	42
48	-26	43
48	-26	43
48	-26	42
47	-26	42
47	-26	43
47	-26	43
47	-26	43
46	-26	43
46	-26	43
45	-26	42
45	-26	43
45	-26	43
46	-26	43
46	-26	43
46	-26	44
46	-26	44
46	-26	44
46	-26	44
46	-26	43
46	-26	43
45	-26	43
45	-26	43
45	-26	43
45	-26	43
45	-26	42
45	-26	43
45	-26	42
44	-26	42
44	-26	42
44	-26	42
44	-26	41
43	-25	42
43	-26	41
42	-25	41
42	-26	41
41	-25	41
41	-25	41
41	-25	41
41	-25	41
40	-25	40
39	-22	39
38	-23	39
38	-23	39
38	-23	38
37	-23	39
37	-22	39
37	-23	39
37	-23	40
38	-24	41
39	-24	41
40	-25	42
40	-24	41
40	-24	41
40	-25	42
39	-26	41
41	-26	42
41	-26	42
39	-26	41
36	-26	40
34	-26	39
36	-26	39
38	-25	39
43	-26	40
46	-25	39
49	-25	38
50	-25	37
50	-23	35
37	-22	33
21	-17	29
18	-17	25
18	-14	23
25	-16	25
38	-15	23
39	-24	36
32	-22	34
27	-21	32
27	-20	32
27	-19	30
29	-19	30
30	-18	30
32	-18	29
31	-17	30
30	-17	30
29	-17	31
30	-17	32
32	-16	33
34	-17	33
36	-19	34
34	-19	34
32	-20	34
33	-21	34
33	-21	34
33	-21	34
33	-21	35
34	-21	35
34	-21	35
34	-22	36
34	-22	36
34	-22	36
34	-22	36
34	-22	37
35	-22	37
36	-23	38
37	-23	38
37	-23	38
37	-23	39
38	-23	38
38	-23	39
39	-23	40
39	-23	40
40	-23	40
40	-23	41
41	-23	41
41	-23	41
41	-23	41
42	-23	40
45	-23	40
45	-23	39
45	-23	39
45	-23	39
45	-23	39
45	-23	39
46	-23	40
46	-23	39
46	-23	39
46	-23	40
47	-23	40
47	-23	40
47	-23	41
47	-23	40
46	-23	41
46	-24	42
46	-24	41
46	-24	41
45	-23	42
45	-23	41
45	-23	41
45	-23	41
45	-24	42
44	-23	42
44	-24	41
44	-24	41
44	-24	42
44	-24	42
43	-25	42
44	-26	42
44	-26	42
44	-26	42
45	-26	42
45	-26	42
45	-26	43
45	-26	42
45	-26	42
46	-26	42
46	-26	42
46	-26	42
46	-26	42
47	-26	42
47	-26	42
47	-26	42
47	-26	42
47	-26	42
47	-26	42
46	-26	43
46	-26	42
45	-26	42
45	-26	43
45	-26	42
44	-26	42
44	-26	42
44	-26	42
45	-26	43
45	-26	43
45	-26	43
45	-26	43
45	-26	43
45	-26	43
45	-26	43
45	-26	43
45	-26	42
45	-26	42
45	-26	42
45	-26	42
45	-26	42
44	-26	42
44	-26	42
44	-26	42
43	-26	42
43	-25	42
43	-25	41
42	-25	41
42	-25	41
41	-25	40
41	-25	41
40	-25	40
40	-25	40
40	-25	40
40	-25	40
39	-24	39
38	-22	38
37	-22	38
37	-23	38
37	-23	38
36	-23	38
36	-22	38
36	-23	39
37	-24	40
38	-24	41
38	-24	41
39	-25	41
40	-25	41
40	-25	42
39	-25	41
38	-26	41
40	-26	41
41	-26	42
38	-26	41
34	-26	40
32	-26	39
36	-26	39
40	-26	40
45	-25	39
48	-25	39
49	-25	39
49	-25	37
48	-24	36
35	-21	33
21	-18	29
20	-17	27
21	-16	26
27	-15	25
41	-15	22
41	-24	37
34	-23	35
29	-21	32
27	-21	32
27	-20	31
27	-20	30
29	-19	30
30	-19	30
30	-18	30
30	-17	30
30	-17	31
30	-17	32
32	-17	33
34	-18	33
35	-18	34
33	-19	34
32	-20	34
33	-21	34
33	-21	34
33	-21	34
33	-22	35
33	-21	35
34	-21	35
34	-21	35
34	-21	35
34	-21	35
34	-22	36
34	-22	37
35	-22	37
36	-22	37
36	-23	38
37	-23	38
37	-23	38
37	-22	38
38	-22	39
38	-23	39
39	-23	39
39	-23	40
40	-23	40
40	-23	40
40	-23	40
41	-23	40
42	-23	40
44	-23	39
44	-23	39
44	-23	39
45	-23	38
45	-23	38
45	-23	39
45	-23	39
46	-23	39
46	-23	39
46	-23	39
46	-23	40
46	-23	40
46	-23	40
46	-23	40
46	-23	40
46	-24	41
46	-24	41
45	-23	41
45	-23	41
45	-23	41
45	-23	41
44	-24	41
44	-24	41
44	-24	41
43	-23	41
43	-23	41
44	-24	42
43	-25	42
43	-24	41
43	-25	42
43	-26	42
44	-26	41
44	-26	42
44	-26	42
45	-26	42
45	-26	42
45	-26	42
45	-26	42
45	-25	41
45	-25	41
46	-26	42
47	-25	42
47	-25	41
47	-26	42
47	-26	42
46	-25	41
46	-25	42
46	-26	42
45	-25	42
45	-25	42
45	-26	42
44	-26	42
44	-26	41
44	-26	42
44	-26	42
45	-26	42
45	-26	43
45	-26	43
45	-26	42
45	-26	42
45	-26	42
45	-26	42
45	-26	42
44	-26	42
44	-26	42
44	-26	42
44	-26	42
44	-26	42
44	-26	42
43	-26	41
43	-25	42
43	-25	41
43	-26	41
42	-25	41
42	-25	41
41	-25	40
41	-25	40
40	-25	40
40	-25	40
40	-24	39
39	-24	39
39	-24	39
38	-23	38
37	-22	37
37	-22	37
37	-23	38
36	-22	37
36	-22	38
36	-22	38
36	-23	39
36	-24	40
37	-24	40
38	-24	41
38	-24	41
39	-24	41
40	-25	42
38	-25	41
37	-26	41
38	-25	41
39	-26	41
37	-26	41
36	-26	39
34	-26	40
38	-26	40
41	-26	40
45	-26	40
48	-26	39
48	-25	38
48	-25	38
47	-23	35
36	-21	33
23	-20	30
21	-17	27
23	-16	26
29	-16	24
44	-15	22
43	-24	36
37	-23	35
31	-23	33
29	-21	32
27	-20	31
26	-20	31
27	-18	30
28	-18	30
30	-18	30
30	-18	31
30	-17	31
31	-18	32
32	-18	33
34	-18	33
34	-18	33
33	-20	34
32	-20	34
32	-21	34
32	-21	35
32	-21	34
33	-21	34
33	-21	34
33	-21	35
33	-21	35
34	-22	36
34	-22	36
34	-21	35
34	-21	36
34	-22	37
35	-21	36
36	-22	37
36	-23	38
36	-23	38
37	-23	38
37	-23	39
38	-22	39
38	-23	39
39	-23	39
39	-23	40
40	-23	39
40	-23	40
40	-23	39
41	-22	39
43	-23	39
44	-23	39
44	-23	39
44	-23	38
44	-23	38
44	-23	39
45	-23	38
45	-23	39
45	-23	39
45	-23	39
46	-23	39
46	-23	39
46	-23	40
46	-23	40
45	-23	40
45	-23	40
45	-23	41
45	-23	41
45	-23	40
45	-23	41
44	-23	41
44	-24	41
43	-23	41
43	-23	41
43	-23	41
43	-24	41
43	-24	41
43	-24	41
43	-24	41
43	-25	42
43	-25	42
43	-26	41
43	-25	41
44	-26	41
44	-26	41
44	-26	41
45	-26	42
45	-26	42
45	-25	41
45	-25	41
45	-25	42
46	-26	41
47	-25	41
46	-26	42
46	-25	42
46	-25	41
45	-25	41
45	-26	42
45	-25	41
44	-26	41
44	-26	42
44	-26	41
43	-25	41
43	-25	42
43	-26	42
44	-26	42
45	-26	42
45	-26	42
44	-26	42
44	-26	43
44	-26	43
44	-26	42
44	-26	42
44	-26	42
44	-26	41
44	-26	41
44	-26	41
44	-26	41
43	-26	41
43	-25	41
42	-25	41
42	-25	41
42	-25	40
42	-25	40
41	-25	40
41	-24	40
40	-25	40
40	-25	40
40	-25	40
38	-24	39
38	-24	39
38	-25	39
38	-23	38
37	-22	37
37	-22	37
36	-22	37
36	-22	37
36	-22	37
35	-22	37
35	-22	38
35	-23	39
36	-24	39
36	-24	40
37	-23	40
38	-24	41
38	-24	41
38	-25	41
38	-26	41
38	-26	41
37	-26	41
37	-26	40
37	-26	40
38	-26	41
40	-26	41
43	-26	40
45	-26	40
47	-25	39
48	-25	39
48	-25	38
47	-23	36
37	-22	34
25	-20	30
22	-19	28
24	-18	27
30	-16	24
45	-15	22
