47	-31	52
48	-31	53
49	-32	54
51	-32	55
55	-34	58
57	-35	60
54	-34	57
54	-34	57
56	-33	59
57	-34	60
58	-34	61
58	-34	61
60	-35	62
60	-35	63
61	-36	64
62	-36	64
63	-36	65
64	-37	66
66	-37	67
67	-37	68
66	-37	67
67	-37	68
69	-38	69
69	-38	70
69	-38	70
69	-38	70
70	-38	71
71	-38	72
74	-39	74
74	-38	73
75	-38	75
75	-38	75
75	-38	75
75	-38	75
76	-38	75
76	-38	75
76	-38	75
77	-39	75
78	-39	75
78	-37	71
79	-37	71
79	-36	70
78	-37	70
80	-37	70
80	-36	68
80	-35	65
80	-36	69
80	-37	70
80	-35	69
80	-36	71
81	-36	73
81	-36	75
80	-36	76
80	-37	78
80	-37	78
80	-36	79
80	-35	79
80	-35	79
80	-36	79
82	-37	79
84	-37	75
83	-35	71
80	-36	79
80	-37	79
79	-37	78
80	-37	79
80	-37	80
80	-37	80
80	-37	79
80	-37	79
80	-37	79
80	-37	79
79	-37	78
79	-37	79
80	-37	79
78	-37	78
79	-37	78
79	-37	78
80	-37	79
80	-37	79
79	-38	78
79	-38	78
79	-38	79
80	-38	79
80	-37	79
80	-37	79
79	-37	79
79	-37	79
79	-37	78
79	-37	79
80	-38	79
80	-38	79
80	-38	79
80	-38	79
79	-37	79
80	-37	79
80	-38	79
80	-37	79
82	-38	77
82	-37	75
80	-36	73
81	-37	76
81	-36	74
81	-37	78
81	-38	80
81	-38	80
81	-37	80
81	-37	81
81	-37	81
79	-37	79
79	-37	79
79	-38	78
80	-37	79
79	-37	79
78	-36	78
78	-35	78
78	-36	78
79	-36	78
79	-36	78
78	-36	78
79	-36	78
77	-36	77
77	-36	77
77	-36	77
76	-36	76
77	-35	77
77	-36	77
76	-36	76
76	-36	76
76	-36	76
76	-36	76
47	-31	52
48	-32	53
49	-32	53
51	-32	55
53	-33	57
54	-34	57
53	-34	57
54	-35	58
55	-33	59
57	-34	60
58	-34	61
58	-34	61
59	-35	61
60	-35	63
61	-35	64
63	-36	65
63	-36	65
64	-36	65
66	-37	67
66	-37	68
65	-37	67
67	-37	69
67	-37	68
68	-38	69
69	-38	70
68	-37	69
70	-38	71
72	-38	73
74	-39	75
73	-38	73
72	-37	73
73	-37	73
74	-38	74
74	-37	74
74	-38	75
76	-38	75
76	-38	75
76	-39	76
77	-40	76
78	-37	74
78	-37	75
78	-37	75
78	-37	75
79	-37	76
79	-37	74
79	-35	71
79	-37	76
79	-37	76
80	-37	75
80	-37	76
79	-37	77
80	-37	78
80	-37	79
80	-37	80
80	-37	79
81	-36	80
80	-37	79
80	-36	79
79	-37	79
81	-37	79
81	-37	78
80	-37	77
80	-37	79
79	-37	79
79	-36	78
80	-37	79
80	-37	79
80	-37	79
80	-37	79
80	-37	79
80	-37	79
79	-37	78
78	-37	78
79	-37	78
79	-37	78
78	-37	78
78	-37	78
78	-37	78
78	-37	78
78	-37	78
79	-38	78
78	-38	78
79	-38	78
79	-38	79
79	-37	78
79	-37	78
79	-37	78
78	-37	78
78	-37	78
78	-37	78
78	-37	78
79	-37	78
79	-37	79
80	-36	78
79	-36	78
79	-37	78
80	-37	79
80	-37	79
81	-37	78
82	-35	74
81	-35	73
81	-36	76
80	-36	77
81	-38	79
81	-38	81
81	-37	80
80	-36	80
81	-38	80
81	-38	80
79	-37	79
78	-37	78
78	-38	78
80	-37	79
80	-37	79
78	-36	78
78	-35	78
77	-36	77
78	-36	77
78	-36	78
78	-36	77
78	-36	78
76	-36	77
76	-36	77
77	-36	77
76	-35	76
77	-35	77
76	-35	76
76	-36	76
75	-36	75
76	-36	76
76	-36	76
47	-31	52
48	-32	53
49	-32	54
51	-32	55
51	-33	55
52	-34	56
54	-34	57
54	-35	58
56	-33	59
56	-33	60
57	-34	60
58	-34	61
59	-35	61
60	-35	62
61	-35	63
63	-36	65
61	-36	64
63	-36	65
65	-37	67
65	-37	67
65	-36	66
66	-37	68
69	-37	69
68	-37	69
68	-38	69
69	-38	70
70	-38	71
74	-39	74
74	-39	75
73	-38	73
72	-38	73
73	-37	73
73	-37	73
74	-38	74
74	-38	74
75	-38	75
75	-38	75
76	-38	76
77	-40	77
78	-37	77
77	-37	77
77	-38	77
78	-38	77
78	-38	78
80	-37	77
80	-36	75
79	-39	78
78	-38	77
79	-38	78
79	-39	78
78	-38	78
80	-37	79
81	-37	79
80	-35	80
80	-35	79
80	-36	78
79	-37	79
80	-37	79
79	-37	79
79	-37	79
79	-37	79
78	-37	78
78	-36	78
79	-37	79
78	-36	77
79	-37	78
79	-37	79
79	-37	79
79	-37	79
79	-37	79
79	-37	79
78	-37	78
78	-37	78
79	-37	78
78	-37	78
78	-37	78
78	-37	78
78	-37	77
77	-37	77
77	-37	77
78	-37	77
78	-37	77
78	-38	78
78	-38	78
79	-37	78
78	-37	78
78	-37	78
78	-37	78
78	-37	78
78	-37	78
78	-37	78
78	-37	78
78	-37	78
79	-38	78
79	-38	78
80	-38	79
80	-38	79
80	-38	79
80	-37	79
80	-37	78
81	-37	78
81	-38	80
80	-38	79
81	-38	79
81	-37	80
80	-36	80
80	-36	80
80	-37	79
80	-37	79
79	-37	78
78	-37	78
78	-38	78
79	-37	78
79	-37	78
78	-36	77
78	-35	78
76	-36	77
77	-36	77
76	-36	77
76	-36	76
76	-36	76
76	-36	76
76	-36	76
76	-36	76
77	-36	77
76	-34	76
76	-35	76
76	-36	75
75	-36	75
76	-36	76
76	-36	76
47	-32	51
50	-32	54
52	-32	55
50	-32	55
51	-32	55
52	-32	56
53	-33	57
56	-34	59
58	-35	60
58	-36	61
58	-36	60
58	-36	61
59	-36	61
59	-36	62
60	-35	63
61	-35	63
64	-35	65
63	-36	65
63	-36	65
64	-37	66
65	-36	67
66	-37	67
67	-37	68
67	-37	69
68	-37	69
69	-36	70
69	-36	70
72	-37	72
72	-37	73
72	-37	72
71	-38	72
72	-38	72
72	-38	73
72	-38	73
74	-39	74
75	-38	75
76	-38	76
75	-38	75
76	-38	76
76	-37	76
77	-37	77
76	-37	76
76	-37	76
78	-37	77
79	-37	77
80	-37	78
78	-37	77
78	-37	77
78	-38	77
78	-38	77
78	-37	77
79	-37	77
80	-36	77
79	-37	79
80	-37	79
79	-37	78
78	-37	78
79	-36	78
79	-36	78
79	-36	78
79	-36	78
78	-37	78
78	-37	78
78	-37	78
78	-37	78
79	-37	78
80	-38	79
80	-37	79
80	-37	79
80	-37	79
80	-38	79
79	-37	78
78	-37	78
78	-37	78
78	-37	78
78	-37	78
78	-37	77
77	-36	77
76	-36	76
76	-36	76
77	-37	77
78	-38	77
78	-38	78
78	-38	78
80	-37	79
79	-37	78
78	-37	78
78	-37	78
78	-37	78
78	-37	78
78	-37	78
78	-37	78
78	-37	77
77	-37	77
78	-37	77
78	-38	78
78	-38	78
80	-38	79
80	-37	79
79	-37	79
80	-37	79
80	-37	79
79	-37	79
79	-37	79
79	-37	79
80	-37	79
80	-37	79
80	-38	79
80	-37	79
79	-37	79
78	-37	78
78	-37	78
78	-37	77
77	-37	77
77	-37	77
76	-36	76
78	-37	77
77	-37	77
76	-36	76
76	-36	76
76	-36	77
77	-36	77
76	-36	77
76	-36	76
77	-36	77
76	-36	75
75	-36	75
74	-36	74
74	-36	74
73	-36	74
74	-36	75
47	-32	51
49	-32	53
50	-32	54
50	-32	54
51	-32	55
52	-33	56
53	-33	57
55	-34	58
57	-35	59
57	-35	60
57	-34	60
58	-35	61
60	-36	62
59	-36	62
63	-36	64
63	-35	65
61	-35	64
63	-36	65
64	-36	66
64	-36	66
64	-37	66
66	-37	67
66	-37	68
67	-37	68
67	-37	69
68	-36	69
69	-36	70
69	-36	70
70	-37	72
72	-37	72
71	-38	72
71	-38	72
71	-38	72
72	-38	73
75	-39	74
76	-38	76
77	-39	77
76	-38	76
76	-38	76
76	-37	76
77	-37	76
77	-37	76
77	-37	77
78	-37	77
79	-37	78
78	-37	78
78	-38	77
77	-38	77
78	-38	77
77	-37	77
78	-37	77
79	-37	78
80	-37	78
79	-37	78
79	-37	78
78	-37	78
78	-37	78
78	-36	78
78	-36	78
78	-36	78
78	-36	78
78	-36	78
78	-37	78
78	-37	78
78	-37	78
79	-37	78
81	-38	80
80	-38	79
80	-37	79
79	-37	78
79	-37	78
79	-37	79
78	-37	78
78	-37	78
78	-37	77
78	-37	77
77	-37	77
76	-37	76
76	-36	76
76	-36	76
78	-37	77
79	-38	78
78	-38	78
79	-38	78
79	-37	78
78	-37	78
78	-37	78
78	-37	77
78	-37	77
78	-37	78
78	-37	78
78	-37	78
78	-37	77
77	-37	76
78	-37	77
78	-37	77
78	-38	78
79	-38	78
78	-37	78
78	-37	78
79	-37	79
80	-37	79
79	-36	78
79	-36	78
79	-37	79
79	-37	79
79	-37	79
78	-37	78
78	-37	78
79	-37	79
78	-37	78
78	-37	78
78	-37	78
78	-37	77
77	-36	77
76	-36	76
78	-37	77
77	-37	77
76	-36	76
76	-36	76
75	-36	75
77	-36	77
77	-36	77
76	-36	76
75	-36	75
76	-36	76
75	-36	75
75	-36	75
74	-36	74
74	-36	74
75	-36	75
47	-33	52
48	-32	53
49	-31	54
50	-32	54
52	-32	55
53	-33	57
54	-33	57
55	-33	59
56	-33	59
56	-34	60
57	-34	60
58	-34	61
59	-36	61
59	-35	61
62	-36	64
61	-35	64
62	-35	64
63	-36	65
63	-36	65
64	-36	66
64	-36	66
65	-37	66
65	-37	67
66	-37	68
67	-37	68
67	-36	69
68	-37	69
69	-37	70
70	-37	71
71	-37	72
71	-38	71
70	-38	71
70	-38	71
72	-38	73
74	-38	74
75	-38	75
76	-38	75
76	-38	75
76	-38	76
76	-37	76
77	-37	76
76	-37	76
77	-37	77
78	-37	77
78	-37	78
77	-37	77
78	-37	77
76	-37	76
76	-37	76
76	-37	76
77	-37	77
78	-37	77
78	-37	77
78	-37	78
78	-37	78
78	-37	78
78	-37	78
77	-36	77
77	-36	77
77	-36	77
77	-36	77
77	-36	77
78	-37	78
78	-37	78
78	-37	78
78	-37	78
80	-38	79
80	-37	79
79	-37	78
78	-37	78
78	-37	78
78	-37	78
78	-37	77
77	-36	77
76	-36	77
77	-37	76
76	-37	76
76	-37	76
76	-37	76
76	-37	76
78	-37	77
78	-37	77
77	-37	77
78	-38	78
78	-37	78
78	-37	78
77	-37	77
77	-36	77
77	-36	77
78	-37	77
78	-37	77
78	-37	77
78	-37	77
77	-37	76
76	-37	76
76	-37	76
77	-38	77
78	-38	77
77	-37	77
78	-37	77
78	-37	78
79	-37	79
78	-36	78
78	-36	78
78	-36	78
78	-36	78
78	-36	78
78	-37	78
79	-37	79
78	-37	78
78	-37	77
78	-37	77
77	-37	77
76	-36	77
76	-36	76
76	-36	76
76	-36	76
75	-36	75
75	-36	75
75	-36	75
74	-35	75
76	-35	75
76	-35	76
75	-35	75
74	-35	75
74	-35	74
74	-35	74
75	-35	75
74	-35	74
72	-36	73
73	-36	73
49	-33	53
49	-32	54
50	-31	54
50	-32	55
52	-32	55
53	-33	57
54	-33	57
55	-33	58
55	-33	59
56	-33	59
58	-34	60
58	-34	61
58	-36	61
59	-35	61
59	-35	62
60	-35	62
63	-35	64
62	-36	64
62	-36	64
63	-36	65
63	-36	65
65	-37	66
65	-36	67
65	-36	67
67	-36	68
67	-36	69
68	-37	69
68	-37	69
69	-37	70
70	-38	71
70	-38	71
70	-38	71
70	-38	71
71	-38	72
73	-38	73
73	-38	73
74	-38	74
75	-38	75
76	-39	76
76	-36	76
76	-37	76
76	-37	76
76	-37	76
76	-37	76
77	-36	77
77	-36	77
77	-36	77
76	-36	76
75	-36	75
76	-37	76
77	-37	76
76	-37	76
76	-37	76
77	-37	77
78	-37	77
78	-37	77
78	-37	77
77	-36	77
77	-36	77
77	-36	77
77	-36	77
77	-36	77
78	-37	77
78	-37	77
77	-37	77
78	-37	77
78	-37	78
78	-37	78
78	-37	77
78	-36	77
78	-36	77
77	-37	77
76	-36	76
76	-36	76
76	-36	76
76	-38	75
75	-38	75
75	-38	75
77	-38	77
78	-38	77
76	-37	76
76	-37	76
76	-37	76
78	-38	77
78	-37	77
77	-37	77
76	-36	77
76	-36	76
76	-36	76
77	-38	77
76	-38	76
77	-38	77
78	-38	78
77	-37	76
76	-37	76
76	-37	76
77	-37	77
77	-37	77
77	-37	77
78	-37	77
78	-37	78
78	-37	78
78	-36	77
78	-36	77
78	-36	77
78	-36	78
78	-36	78
78	-37	78
79	-37	78
78	-37	77
76	-36	76
76	-37	76
76	-36	76
76	-36	76
76	-36	76
75	-36	75
75	-36	75
74	-36	74
74	-35	74
74	-35	75
74	-35	75
75	-35	75
74	-35	75
74	-35	74
74	-35	75
74	-35	74
73	-35	74
74	-35	75
74	-35	74
73	-36	74
72	-36	73
49	-33	54
50	-32	54
50	-32	54
50	-32	55
52	-32	55
52	-33	56
54	-33	57
55	-33	59
55	-33	59
56	-33	59
58	-33	60
58	-34	61
58	-36	61
58	-35	61
60	-35	62
60	-35	63
61	-35	63
61	-35	63
61	-36	64
63	-36	65
63	-36	65
65	-37	66
65	-36	67
66	-37	67
67	-36	68
67	-36	69
67	-37	68
67	-37	68
67	-38	69
67	-37	69
70	-38	71
70	-38	71
70	-38	71
70	-38	71
72	-38	72
72	-38	73
73	-38	74
74	-38	75
75	-38	75
75	-36	75
75	-36	75
75	-36	75
74	-36	75
75	-36	75
76	-36	76
77	-35	77
77	-35	76
75	-35	75
75	-36	75
78	-37	77
77	-37	76
76	-37	76
76	-37	76
76	-37	76
77	-37	77
78	-37	77
78	-37	77
76	-36	77
76	-36	77
76	-36	77
76	-36	77
76	-36	77
77	-37	77
77	-37	77
76	-37	76
78	-37	77
78	-37	77
77	-37	77
76	-37	76
76	-36	76
76	-36	76
76	-36	76
76	-36	76
75	-36	75
75	-36	75
74	-37	74
74	-37	75
75	-38	75
77	-38	77
79	-38	78
77	-37	76
76	-37	76
77	-37	77
78	-37	77
78	-37	77
77	-37	77
76	-36	76
76	-37	76
76	-36	76
76	-38	76
75	-38	75
76	-38	76
78	-38	77
77	-37	76
75	-36	75
75	-37	75
76	-37	76
77	-37	76
77	-37	77
78	-37	77
78	-36	78
78	-37	77
77	-36	77
78	-36	77
78	-36	77
78	-36	77
78	-36	77
78	-37	77
77	-37	77
76	-36	76
75	-36	75
76	-36	76
76	-36	76
76	-36	76
76	-36	76
76	-36	75
76	-36	75
74	-35	75
74	-35	75
74	-35	74
73	-34	73
74	-35	74
74	-35	74
73	-34	74
73	-34	74
74	-35	75
73	-35	74
72	-35	73
73	-35	73
73	-36	74
72	-36	73
50	-32	54
50	-32	54
50	-32	54
50	-32	55
53	-33	57
54	-33	57
54	-33	57
55	-34	59
55	-33	59
56	-34	59
58	-34	61
60	-34	62
59	-35	61
58	-35	61
59	-35	62
60	-36	63
61	-36	63
61	-35	63
61	-36	64
62	-36	64
63	-36	65
64	-36	66
65	-36	66
66	-37	67
67	-37	68
67	-37	68
68	-37	69
67	-37	68
67	-37	69
69	-37	69
69	-38	70
70	-38	71
70	-38	71
70	-38	71
70	-38	71
71	-37	72
73	-37	73
74	-38	74
74	-38	75
74	-38	74
74	-38	74
74	-37	74
75	-36	75
75	-36	75
75	-36	75
75	-36	75
75	-36	75
74	-36	75
75	-38	75
75	-38	75
75	-38	75
75	-38	75
76	-38	76
76	-37	76
77	-37	77
78	-37	77
77	-37	77
76	-37	76
76	-37	76
77	-37	77
77	-37	77
77	-37	77
77	-37	77
76	-37	76
76	-37	76
77	-37	77
76	-37	76
77	-37	77
76	-36	76
75	-36	75
75	-36	75
75	-36	75
75	-36	75
75	-36	75
75	-36	75
74	-36	74
75	-36	75
76	-37	76
77	-37	76
78	-37	77
76	-37	76
76	-37	76
77	-37	77
77	-38	77
77	-37	77
76	-36	77
76	-37	76
75	-38	75
74	-37	75
75	-38	75
75	-38	75
75	-38	75
76	-38	76
76	-37	76
76	-37	76
75	-37	75
76	-37	76
76	-37	76
76	-36	77
77	-36	77
78	-36	77
76	-36	77
77	-35	77
78	-36	77
77	-36	77
77	-37	77
77	-37	77
77	-36	77
76	-36	76
76	-36	76
75	-36	75
74	-38	75
76	-38	76
75	-36	75
76	-36	75
74	-36	75
74	-35	74
74	-35	74
73	-35	73
73	-35	74
73	-35	73
73	-35	73
72	-35	73
72	-35	73
72	-35	73
74	-35	75
74	-35	74
71	-35	72
71	-35	72
69	-35	71
74	-36	73
49	-32	54
49	-32	54
50	-32	54
51	-33	55
53	-33	57
54	-33	57
54	-33	57
55	-34	58
55	-33	59
58	-34	60
59	-34	61
58	-34	61
59	-35	62
58	-35	61
58	-35	61
59	-35	62
60	-35	63
61	-35	63
62	-36	64
61	-36	64
62	-36	64
64	-36	66
65	-37	67
67	-37	68
67	-37	68
67	-37	68
67	-36	68
67	-37	68
67	-37	68
68	-37	69
70	-38	71
70	-38	71
70	-38	71
69	-38	70
69	-38	70
70	-37	71
72	-37	73
72	-37	73
73	-38	74
73	-38	73
73	-38	74
74	-37	74
74	-36	74
74	-36	74
74	-36	74
74	-36	74
74	-36	74
74	-36	74
74	-37	74
74	-37	74
74	-37	74
74	-37	74
74	-37	75
76	-37	76
78	-37	77
78	-37	77
76	-37	76
77	-37	77
76	-37	76
76	-37	76
76	-37	76
76	-36	76
76	-36	76
76	-36	76
76	-36	76
76	-36	76
77	-37	77
77	-36	77
76	-36	76
75	-36	75
74	-35	75
75	-36	75
74	-36	75
74	-36	75
74	-36	74
74	-36	74
74	-36	74
74	-37	75
76	-37	76
76	-37	76
75	-37	75
76	-37	76
77	-37	77
76	-37	76
76	-37	76
76	-36	76
76	-37	76
75	-38	75
74	-37	74
74	-37	74
74	-38	75
75	-38	75
76	-38	76
75	-36	75
75	-36	75
75	-36	75
75	-36	75
75	-36	75
76	-36	76
76	-36	76
76	-36	76
76	-36	76
76	-35	76
77	-36	77
76	-36	77
76	-36	76
76	-37	76
75	-36	76
75	-36	76
75	-36	75
74	-36	74
73	-37	73
74	-37	74
74	-36	74
73	-35	74
73	-35	73
72	-35	73
73	-35	74
72	-35	73
72	-35	73
72	-35	73
72	-35	73
71	-35	72
72	-35	73
71	-34	72
73	-34	73
72	-35	73
72	-35	73
71	-35	72
70	-35	71
70	-35	71
49	-32	53
49	-32	54
50	-32	54
50	-32	54
51	-33	55
53	-33	56
54	-33	57
55	-34	58
55	-33	58
56	-33	59
56	-34	60
57	-34	60
58	-35	61
58	-35	61
59	-35	61
60	-35	62
60	-35	62
61	-35	64
63	-36	64
61	-36	64
62	-36	64
65	-36	66
66	-37	67
67	-37	68
66	-37	67
66	-37	67
67	-36	68
66	-36	68
67	-36	68
70	-37	70
69	-38	70
70	-38	71
70	-38	71
69	-38	70
69	-38	70
70	-36	70
71	-37	71
71	-37	72
72	-37	73
72	-37	73
72	-37	73
73	-37	73
74	-36	74
74	-36	74
74	-36	74
73	-36	74
73	-36	74
73	-36	74
73	-37	73
73	-37	73
73	-37	73
73	-37	74
74	-37	74
76	-37	76
78	-37	77
77	-37	76
76	-37	76
77	-36	77
77	-36	77
76	-36	76
76	-36	76
76	-36	76
76	-36	76
76	-36	76
76	-36	76
76	-36	76
78	-36	78
78	-36	77
76	-36	76
74	-35	74
73	-35	74
74	-36	74
74	-36	74
74	-36	74
74	-36	74
74	-36	74
74	-36	74
75	-36	75
75	-36	75
75	-36	75
75	-36	75
76	-37	76
76	-37	76
77	-37	76
77	-37	77
77	-36	77
76	-37	76
75	-38	75
74	-37	74
74	-37	74
74	-37	74
74	-38	75
75	-38	75
75	-36	75
75	-36	75
75	-36	75
75	-36	75
75	-36	75
75	-36	76
75	-36	76
76	-36	76
75	-36	76
76	-36	76
76	-36	76
76	-36	76
75	-37	75
75	-38	75
75	-37	75
75	-37	75
75	-37	75
74	-36	74
73	-37	73
72	-37	73
74	-36	74
73	-35	74
72	-35	73
72	-35	73
73	-35	73
72	-35	73
71	-35	72
70	-34	72
70	-34	72
72	-35	73
73	-35	73
71	-35	72
70	-34	71
70	-34	71
72	-35	72
71	-35	72
69	-35	70
69	-35	70
49	-32	53
50	-32	54
51	-32	55
51	-32	55
51	-32	55
52	-33	56
54	-34	57
54	-33	58
55	-33	58
55	-33	58
55	-34	58
56	-34	60
56	-34	59
57	-34	60
58	-35	61
60	-35	62
59	-35	61
61	-35	63
63	-36	64
61	-36	64
63	-36	65
64	-36	66
65	-37	67
66	-37	67
66	-37	67
66	-37	68
66	-36	67
66	-36	68
67	-36	68
70	-37	70
69	-38	70
70	-38	71
70	-38	71
69	-38	70
69	-37	70
69	-36	70
70	-36	71
70	-37	71
72	-37	72
72	-37	73
72	-37	73
72	-37	73
72	-36	73
72	-36	73
73	-36	73
72	-36	73
72	-36	73
72	-36	73
73	-37	73
72	-37	73
72	-37	73
73	-37	73
73	-37	73
75	-36	75
75	-36	75
74	-36	74
75	-36	75
76	-36	76
76	-36	76
76	-36	76
76	-36	76
76	-36	76
75	-36	75
75	-36	75
76	-36	75
76	-36	76
77	-36	77
77	-36	76
75	-35	75
73	-35	74
73	-35	73
74	-36	74
74	-36	74
74	-36	74
74	-36	74
74	-36	74
74	-36	74
74	-36	74
74	-36	75
74	-36	75
75	-36	75
75	-36	75
75	-37	75
76	-37	76
78	-37	77
76	-36	77
75	-36	75
74	-37	74
74	-37	74
74	-37	74
74	-37	74
74	-37	74
74	-37	74
74	-36	74
74	-36	74
74	-36	75
74	-36	74
74	-36	74
74	-36	75
75	-36	75
76	-37	76
75	-36	75
74	-35	74
75	-36	75
75	-37	75
74	-38	75
75	-38	75
75	-38	75
76	-38	75
74	-37	74
72	-37	73
72	-37	73
72	-37	72
73	-36	74
72	-35	73
72	-35	73
71	-34	72
71	-35	72
71	-35	72
70	-34	72
71	-35	72
70	-34	71
71	-35	72
72	-35	72
70	-34	71
69	-33	71
69	-34	70
70	-34	71
69	-34	70
69	-35	71
69	-35	71
49	-32	54
50	-31	54
51	-31	55
52	-33	56
52	-33	56
53	-33	57
54	-33	57
54	-34	58
55	-35	58
55	-34	58
56	-33	59
55	-33	59
57	-34	60
57	-34	60
58	-34	61
59	-35	62
59	-35	62
61	-36	64
62	-36	64
61	-35	64
63	-35	65
64	-37	66
65	-37	66
66	-37	67
67	-36	68
66	-35	67
64	-37	66
66	-37	67
67	-37	68
67	-37	68
69	-37	70
70	-37	70
69	-37	70
68	-37	69
69	-37	70
70	-36	71
70	-36	71
70	-37	71
70	-37	72
71	-37	72
71	-37	72
71	-37	72
72	-37	72
72	-37	73
73	-36	73
72	-36	73
72	-36	73
73	-36	73
72	-36	73
72	-36	73
72	-36	73
73	-36	73
73	-36	73
73	-36	73
72	-36	73
72	-36	73
73	-36	74
74	-35	74
74	-35	74
75	-36	75
76	-36	76
76	-36	76
74	-36	75
75	-36	75
75	-36	75
76	-36	76
75	-38	75
74	-37	75
73	-37	73
73	-37	73
74	-36	74
76	-38	76
75	-36	75
74	-36	74
73	-35	74
74	-36	74
74	-36	74
74	-36	74
74	-36	74
74	-36	74
75	-36	75
74	-36	75
74	-36	74
74	-36	74
76	-37	76
77	-37	76
75	-36	75
73	-36	74
74	-36	74
74	-37	74
74	-37	74
73	-37	73
72	-37	73
74	-38	74
74	-38	74
74	-37	74
73	-36	74
73	-36	73
74	-35	75
75	-35	75
74	-35	74
73	-35	74
73	-36	74
74	-36	74
74	-36	75
74	-37	75
74	-37	75
72	-36	73
72	-36	73
72	-37	73
72	-37	73
70	-35	71
72	-35	72
72	-36	73
72	-36	73
72	-35	73
71	-35	72
70	-35	71
70	-35	71
70	-35	71
71	-36	72
70	-36	71
70	-35	71
70	-34	71
70	-34	71
70	-34	71
69	-34	70
69	-34	70
69	-34	70
69	-35	70
69	-35	70
49	-32	54
50	-31	54
50	-31	55
52	-33	55
51	-33	55
52	-33	56
54	-33	57
54	-34	58
56	-35	59
56	-34	59
56	-34	59
56	-33	59
56	-34	60
57	-34	60
58	-34	61
60	-35	62
60	-35	63
61	-36	64
62	-36	64
62	-35	64
62	-35	64
64	-37	66
66	-37	67
65	-36	67
65	-36	67
65	-35	67
64	-37	66
65	-37	67
66	-37	67
66	-37	68
67	-37	69
69	-37	70
68	-37	69
68	-37	69
69	-37	70
70	-36	71
70	-36	71
70	-36	71
70	-37	71
70	-36	71
70	-37	71
71	-37	72
72	-37	72
72	-37	73
73	-36	73
72	-36	73
72	-36	73
72	-36	73
72	-36	73
72	-36	73
72	-36	73
72	-36	73
72	-36	73
72	-36	73
72	-36	73
72	-36	73
73	-36	73
73	-35	74
74	-35	74
76	-36	75
76	-36	76
75	-36	75
74	-36	75
75	-36	75
75	-36	75
75	-36	75
74	-37	74
73	-37	73
72	-37	73
72	-37	73
74	-37	74
75	-38	75
74	-37	75
73	-36	74
73	-35	74
74	-36	74
74	-36	74
74	-36	74
74	-36	74
74	-36	74
74	-36	74
74	-36	74
73	-36	74
73	-36	74
74	-36	74
75	-36	75
74	-36	74
74	-36	74
73	-36	74
73	-37	73
72	-37	73
72	-37	73
72	-37	73
74	-38	74
74	-38	74
74	-37	74
74	-36	74
73	-36	74
73	-35	74
74	-35	74
73	-35	74
73	-35	74
74	-36	74
73	-36	73
74	-36	74
74	-36	75
74	-36	74
72	-36	73
72	-36	73
71	-36	72
71	-37	72
70	-35	71
71	-35	72
71	-35	72
71	-35	72
70	-35	71
72	-35	72
70	-35	71
70	-35	71
70	-35	71
69	-35	70
69	-35	70
69	-35	71
69	-34	70
68	-34	70
69	-34	70
68	-34	70
68	-34	70
69	-34	70
69	-35	70
69	-35	70
50	-32	54
51	-32	55
52	-31	55
51	-33	55
52	-33	55
54	-33	57
55	-34	58
54	-33	58
56	-35	59
58	-35	60
56	-33	59
57	-33	59
58	-34	61
58	-34	61
58	-34	61
60	-35	62
60	-35	63
62	-36	64
61	-36	64
61	-35	63
62	-34	64
65	-37	67
67	-37	68
66	-36	67
64	-36	66
65	-35	66
65	-36	66
64	-37	66
65	-37	66
66	-37	67
66	-37	68
67	-37	69
67	-37	69
67	-37	69
69	-37	69
69	-36	70
69	-36	70
70	-36	71
70	-36	71
70	-36	71
70	-36	71
71	-37	72
72	-37	72
72	-37	73
72	-37	73
72	-37	72
72	-37	72
72	-37	72
72	-37	72
72	-37	72
72	-37	73
72	-37	73
72	-36	73
72	-36	73
72	-36	73
72	-36	73
72	-36	73
73	-35	73
74	-35	74
75	-35	75
74	-35	75
74	-36	74
74	-36	74
74	-36	74
74	-36	74
74	-36	74
72	-36	73
72	-35	72
72	-35	72
72	-36	73
74	-36	74
73	-37	73
72	-36	73
72	-36	73
73	-35	73
73	-36	73
73	-36	73
73	-36	74
74	-36	74
74	-36	74
74	-36	74
74	-36	74
73	-36	74
73	-36	74
73	-37	74
73	-37	73
74	-37	74
74	-37	74
72	-36	73
72	-36	72
70	-36	72
70	-36	72
71	-36	72
73	-37	73
73	-38	74
74	-37	73
73	-36	73
73	-35	73
73	-35	73
73	-35	74
73	-35	73
73	-35	74
76	-36	75
73	-36	74
72	-36	73
72	-36	73
72	-36	73
72	-35	72
71	-36	72
70	-36	71
70	-36	71
70	-35	71
70	-35	71
70	-35	71
69	-35	71
69	-35	70
70	-35	71
69	-35	70
69	-35	70
69	-35	71
69	-35	70
68	-35	69
68	-34	69
69	-33	70
68	-33	70
68	-33	69
68	-33	69
68	-33	70
69	-33	70
70	-35	71
68	-34	69
49	-32	54
50	-31	54
51	-31	55
51	-33	55
52	-33	56
54	-33	57
55	-34	58
54	-34	58
57	-35	59
57	-34	60
56	-33	59
56	-33	59
58	-34	61
58	-34	61
59	-34	62
59	-35	62
59	-35	62
61	-36	63
60	-35	63
60	-35	63
62	-34	64
65	-37	67
65	-37	67
65	-36	66
64	-36	66
65	-35	67
64	-37	66
63	-36	65
64	-36	66
66	-37	67
67	-37	68
67	-36	68
67	-36	68
68	-37	69
68	-36	69
68	-36	69
69	-36	70
69	-36	70
70	-36	71
70	-36	71
70	-36	71
70	-36	71
71	-37	71
71	-37	72
71	-37	72
71	-37	72
71	-37	72
72	-37	73
71	-37	72
71	-37	72
71	-37	72
72	-37	72
72	-37	72
72	-35	72
72	-36	73
72	-36	73
72	-36	73
72	-35	73
73	-35	73
73	-35	74
73	-35	74
73	-35	73
72	-36	73
72	-36	73
72	-36	73
72	-36	73
72	-34	72
71	-35	72
73	-35	73
74	-35	74
74	-36	74
71	-36	72
71	-35	72
72	-35	73
73	-35	73
72	-36	73
72	-36	73
72	-36	73
73	-36	74
73	-36	74
74	-36	74
73	-36	73
72	-36	73
72	-36	73
72	-38	73
72	-37	73
73	-37	73
72	-37	73
71	-37	72
70	-36	71
70	-36	71
70	-36	71
70	-36	71
72	-37	72
72	-37	73
72	-36	72
72	-35	73
72	-36	73
72	-35	73
72	-35	73
72	-35	73
73	-35	73
75	-36	75
73	-36	73
71	-35	72
70	-35	71
70	-34	71
70	-35	71
69	-35	70
69	-36	70
69	-36	70
69	-34	70
69	-34	70
69	-34	70
68	-34	69
68	-34	69
68	-34	69
69	-34	70
69	-34	70
68	-34	69
68	-35	69
69	-35	70
69	-34	70
69	-33	70
67	-33	69
68	-33	69
68	-33	69
68	-33	69
68	-33	69
67	-34	69
68	-34	69
50	-32	54
49	-31	54
50	-31	55
51	-32	55
51	-33	55
52	-33	56
54	-33	57
54	-33	58
57	-35	59
56	-34	59
55	-33	59
55	-33	59
56	-34	60
58	-34	61
60	-34	62
60	-35	62
59	-35	61
59	-35	62
60	-35	63
60	-35	63
61	-34	63
64	-37	66
63	-37	65
63	-35	65
64	-35	66
65	-35	66
64	-37	66
63	-36	65
64	-37	66
66	-37	67
67	-37	68
67	-37	68
67	-36	68
67	-36	69
67	-36	69
67	-36	69
68	-36	69
69	-36	70
69	-37	71
70	-36	70
70	-36	70
70	-36	71
70	-36	71
70	-37	72
70	-37	71
70	-37	72
71	-37	72
72	-37	72
71	-37	72
71	-37	72
71	-37	72
71	-37	72
71	-37	72
71	-35	72
72	-36	73
72	-36	73
72	-36	73
72	-35	73
72	-35	73
72	-35	73
72	-35	73
72	-35	73
72	-35	72
72	-35	72
72	-35	72
71	-35	72
72	-35	72
72	-35	72
74	-35	74
75	-36	75
74	-36	75
70	-36	71
71	-35	72
73	-35	73
73	-35	73
72	-35	72
72	-35	72
72	-36	73
72	-36	73
73	-36	73
72	-36	73
72	-36	73
71	-36	72
71	-35	72
71	-37	72
71	-37	72
72	-37	72
70	-37	71
69	-36	70
69	-35	70
69	-35	70
69	-35	70
69	-35	70
70	-37	72
71	-37	72
71	-36	72
71	-35	72
71	-35	72
71	-35	72
71	-34	72
70	-35	71
71	-35	72
73	-36	73
72	-36	73
70	-35	71
70	-35	71
70	-34	71
69	-35	71
68	-35	70
68	-35	69
69	-36	70
69	-35	70
69	-34	70
68	-34	69
68	-34	69
68	-34	69
67	-34	68
69	-34	70
70	-34	71
69	-34	70
70	-36	70
68	-35	69
66	-34	68
67	-33	69
68	-33	69
67	-33	69
67	-33	69
67	-33	69
66	-33	68
66	-34	68
67	-34	69
50	-32	54
50	-32	54
51	-32	55
51	-32	55
51	-32	55
52	-32	56
54	-33	57
55	-34	58
56	-35	59
56	-35	59
56	-35	59
56	-35	59
56	-33	59
56	-33	59
59	-34	61
58	-34	61
58	-34	61
60	-35	62
60	-35	63
60	-35	62
60	-35	63
62	-36	64
62	-36	64
62	-36	64
63	-36	65
64	-36	66
64	-35	66
64	-36	66
65	-36	67
66	-36	68
68	-37	69
67	-37	68
66	-37	68
67	-37	68
67	-37	68
67	-38	68
67	-38	69
68	-37	69
69	-37	70
69	-36	70
69	-36	70
69	-36	70
70	-36	71
70	-36	71
70	-36	71
70	-37	71
73	-38	73
76	-38	76
73	-37	73
71	-37	72
70	-37	72
71	-37	72
70	-36	71
71	-35	72
72	-35	73
72	-36	73
72	-36	73
73	-35	73
72	-35	73
72	-35	73
72	-36	72
71	-36	72
70	-36	72
71	-36	72
70	-36	72
70	-36	71
71	-37	72
72	-37	73
73	-37	73
73	-37	73
72	-37	73
71	-36	72
72	-36	72
74	-37	73
72	-37	73
72	-35	72
72	-36	73
72	-36	73
72	-36	73
72	-36	73
71	-37	72
71	-37	72
72	-37	73
72	-37	73
71	-36	72
70	-36	72
70	-36	71
69	-35	70
69	-35	70
70	-36	71
70	-36	71
69	-36	70
69	-36	70
70	-36	71
70	-36	71
70	-36	71
70	-36	71
70	-36	71
70	-36	71
70	-36	71
70	-36	71
72	-36	72
72	-36	73
71	-35	72
70	-36	71
69	-36	70
69	-36	70
68	-33	69
68	-34	69
68	-34	69
69	-35	70
68	-34	69
68	-34	69
67	-34	69
67	-34	68
67	-34	68
67	-34	68
67	-34	69
67	-34	69
69	-34	70
71	-34	71
69	-33	70
65	-32	67
66	-32	68
69	-33	69
65	-33	67
66	-33	68
67	-34	69
66	-33	68
65	-33	67
69	-34	69
52	-32	55
51	-32	55
51	-32	55
51	-32	55
51	-32	55
53	-33	57
54	-33	58
55	-33	59
56	-34	59
55	-34	59
55	-34	58
56	-34	59
56	-33	59
55	-33	59
57	-34	60
58	-34	61
58	-34	61
60	-35	62
60	-35	62
60	-35	63
60	-35	63
60	-35	63
61	-36	64
62	-36	64
62	-36	64
62	-36	64
63	-35	65
64	-36	66
67	-36	68
67	-36	68
66	-37	67
65	-37	67
65	-37	67
65	-37	67
66	-37	67
68	-38	69
67	-38	69
67	-37	68
68	-37	69
68	-36	69
68	-36	69
69	-36	70
70	-36	71
70	-36	71
70	-36	71
69	-37	71
72	-37	72
74	-38	74
72	-37	73
71	-37	72
71	-37	72
70	-36	71
70	-36	71
70	-35	71
71	-36	72
72	-36	72
72	-36	73
72	-36	73
72	-36	73
72	-36	73
72	-36	72
71	-37	72
71	-36	72
71	-36	72
70	-36	71
70	-36	71
70	-36	71
70	-36	71
70	-36	72
70	-36	71
70	-36	71
70	-36	71
71	-36	72
72	-36	72
72	-37	73
72	-35	72
72	-36	73
72	-36	73
72	-36	73
72	-36	73
71	-36	72
71	-36	72
72	-36	73
72	-36	73
70	-36	71
70	-36	71
69	-35	70
69	-35	70
69	-35	70
69	-36	70
69	-36	70
69	-36	70
69	-36	70
69	-36	70
69	-35	70
69	-36	70
69	-35	70
69	-35	70
69	-35	70
69	-36	70
70	-36	71
71	-36	72
72	-35	72
70	-35	71
70	-36	71
69	-36	70
68	-36	69
67	-33	69
67	-34	69
67	-34	69
67	-35	69
68	-34	69
67	-34	69
67	-34	69
67	-34	68
66	-34	68
66	-33	68
67	-33	69
67	-34	68
67	-34	69
71	-34	72
68	-34	69
65	-33	67
65	-32	67
66	-33	68
64	-33	66
65	-33	67
66	-33	67
65	-33	67
64	-33	66
64	-33	66
51	-32	55
50	-32	54
50	-32	54
52	-32	55
52	-32	55
52	-33	56
54	-33	57
56	-33	59
56	-34	59
55	-34	58
55	-34	58
55	-33	59
55	-33	58
55	-33	59
56	-33	60
59	-34	61
59	-34	61
59	-35	61
60	-35	63
60	-35	63
60	-35	63
60	-35	63
61	-35	63
62	-36	64
62	-36	64
62	-36	64
60	-34	63
58	-34	61
64	-35	66
64	-36	66
65	-36	66
64	-37	66
64	-36	66
64	-36	66
64	-37	66
67	-38	68
68	-37	69
67	-37	68
67	-36	68
67	-36	69
67	-36	69
68	-36	69
69	-36	70
70	-36	71
70	-36	70
70	-36	71
70	-37	71
70	-37	71
71	-37	72
71	-37	72
70	-36	71
70	-36	71
70	-36	71
70	-36	71
70	-37	71
71	-37	72
72	-37	73
72	-35	73
72	-36	73
72	-36	72
70	-36	71
70	-37	71
70	-36	71
70	-36	71
70	-35	71
69	-35	70
70	-36	71
70	-36	71
70	-36	71
70	-36	71
69	-35	70
70	-36	71
70	-36	71
70	-36	72
72	-36	72
72	-36	73
72	-36	73
72	-36	73
72	-36	73
72	-35	73
72	-36	73
71	-36	72
71	-36	72
70	-36	71
70	-36	71
69	-35	70
69	-35	70
68	-35	69
68	-35	69
69	-36	70
69	-36	70
69	-36	70
69	-36	70
69	-35	70
69	-35	70
69	-35	70
69	-35	70
69	-35	70
70	-35	70
70	-35	71
69	-35	70
70	-36	71
70	-35	71
69	-35	71
69	-35	70
68	-36	69
67	-35	69
66	-32	68
66	-33	68
67	-34	68
67	-35	68
66	-33	68
65	-33	67
67	-33	68
67	-33	68
65	-33	67
64	-33	66
65	-33	67
66	-33	68
67	-34	69
68	-34	69
66	-34	68
64	-33	66
63	-33	65
63	-33	65
64	-33	66
64	-33	66
64	-33	66
63	-33	66
64	-33	66
65	-33	66
50	-32	54
50	-32	54
51	-32	55
53	-32	56
52	-32	55
51	-32	55
53	-33	57
55	-33	59
55	-33	59
55	-32	58
55	-33	59
55	-32	58
55	-33	58
56	-33	58
56	-33	59
58	-34	61
57	-34	60
58	-35	61
60	-35	63
61	-35	64
60	-35	63
60	-35	63
61	-35	63
62	-36	64
62	-36	64
62	-36	64
63	-35	64
61	-35	63
63	-35	65
63	-35	65
64	-36	65
64	-36	65
64	-36	65
63	-36	65
64	-36	66
66	-38	68
67	-37	68
66	-37	68
67	-36	68
67	-36	69
67	-36	69
67	-36	69
69	-36	70
69	-36	70
70	-36	71
70	-36	71
69	-36	70
69	-36	70
71	-37	72
71	-37	72
70	-36	71
69	-36	70
69	-36	70
70	-36	71
70	-36	71
71	-37	72
72	-37	73
73	-36	73
72	-37	72
71	-37	71
69	-38	70
69	-37	70
69	-35	70
69	-35	70
69	-35	70
68	-35	69
69	-35	70
69	-35	70
69	-35	70
69	-35	70
70	-35	71
70	-36	71
70	-36	71
70	-36	72
71	-36	72
71	-35	72
71	-35	72
71	-35	72
70	-35	71
70	-35	71
71	-36	72
70	-36	71
70	-36	71
70	-36	71
69	-35	70
69	-35	70
68	-35	69
67	-35	69
67	-35	69
68	-36	69
68	-36	69
69	-36	70
69	-36	70
68	-35	69
68	-35	69
68	-35	69
68	-35	69
68	-35	69
69	-35	70
69	-35	70
68	-35	69
68	-36	70
69	-35	70
69	-35	70
68	-35	69
67	-36	69
66	-35	68
65	-32	67
65	-33	67
65	-33	67
65	-34	67
66	-33	68
67	-33	68
69	-34	69
68	-34	69
65	-33	67
65	-33	67
66	-33	68
65	-33	67
66	-33	68
66	-34	68
64	-34	66
63	-33	65
64	-33	65
64	-33	66
63	-33	65
63	-32	65
63	-32	65
63	-33	65
62	-32	65
62	-32	65
50	-32	54
51	-32	55
51	-32	55
51	-32	55
50	-32	55
51	-33	55
51	-33	55
54	-33	57
55	-33	58
55	-33	58
55	-33	59
54	-33	58
55	-33	58
55	-33	59
55	-33	59
56	-33	59
56	-34	59
58	-34	61
61	-35	63
62	-35	64
60	-35	63
60	-35	63
60	-35	63
61	-35	63
62	-36	64
62	-36	64
61	-35	64
61	-35	64
62	-35	64
63	-35	65
63	-35	65
63	-35	65
63	-35	65
63	-36	65
64	-35	66
65	-37	67
66	-36	68
65	-36	67
66	-36	68
67	-36	68
67	-37	69
67	-36	69
67	-37	68
67	-36	68
68	-37	69
68	-37	69
69	-37	70
69	-37	70
72	-37	72
72	-37	72
70	-36	71
68	-36	69
69	-36	70
69	-36	70
70	-36	71
71	-37	71
71	-37	72
72	-36	73
70	-36	72
69	-36	70
67	-35	69
67	-36	69
68	-36	69
68	-36	69
67	-36	69
67	-36	69
68	-35	69
68	-35	69
68	-35	69
69	-35	70
70	-35	71
70	-36	71
70	-36	71
70	-36	71
70	-36	71
70	-35	71
72	-35	72
70	-35	71
69	-35	70
69	-35	71
70	-36	71
70	-36	71
69	-35	70
68	-35	69
69	-36	70
68	-36	69
67	-36	69
67	-36	69
67	-35	69
67	-35	68
67	-35	69
69	-36	70
69	-35	70
68	-34	69
68	-34	69
67	-34	69
67	-34	68
67	-34	68
67	-34	69
67	-34	68
67	-34	69
68	-34	69
68	-35	69
67	-35	69
67	-35	69
67	-35	68
65	-34	67
65	-34	66
65	-34	67
65	-34	67
65	-34	66
64	-32	66
64	-32	66
65	-32	67
65	-32	66
63	-32	66
64	-33	66
65	-33	66
63	-33	66
64	-33	66
64	-33	66
63	-33	65
62	-33	65
65	-34	67
67	-34	67
63	-32	65
62	-32	65
62	-32	64
64	-32	66
62	-32	65
64	-33	66
50	-32	54
50	-32	54
50	-32	54
50	-32	54
50	-33	54
50	-32	55
50	-32	55
53	-33	56
54	-33	57
54	-33	58
55	-33	59
55	-34	58
55	-34	58
55	-33	59
56	-34	59
56	-34	60
56	-34	60
57	-34	60
59	-35	62
60	-35	63
60	-35	63
60	-35	62
60	-35	63
60	-35	63
61	-35	63
62	-35	64
61	-35	64
61	-35	64
61	-35	64
62	-35	65
63	-35	65
63	-35	65
63	-35	65
63	-35	65
64	-35	66
64	-36	66
65	-36	66
65	-36	67
66	-36	68
66	-36	67
67	-37	68
67	-37	69
67	-37	68
66	-36	68
67	-36	68
67	-37	68
68	-37	69
69	-37	70
69	-36	70
69	-36	70
67	-36	69
67	-36	69
67	-36	69
68	-36	69
70	-36	70
70	-36	71
71	-37	72
70	-36	71
70	-36	71
69	-35	70
68	-35	69
67	-35	69
67	-36	69
67	-36	69
67	-36	69
67	-36	69
68	-35	69
69	-35	70
69	-35	70
69	-35	70
69	-35	70
69	-35	70
70	-36	71
70	-36	72
70	-36	71
72	-35	72
72	-35	72
71	-35	71
69	-35	70
69	-35	70
69	-36	70
69	-35	70
68	-35	69
67	-35	69
67	-36	68
67	-36	69
67	-36	69
67	-36	69
67	-36	69
66	-34	68
66	-35	68
67	-35	69
67	-35	68
67	-34	68
67	-34	68
67	-34	69
67	-34	69
67	-34	68
67	-34	68
67	-34	69
67	-34	69
67	-34	68
67	-35	68
67	-35	68
67	-35	69
67	-35	68
65	-34	67
64	-34	66
64	-34	66
63	-33	66
63	-33	65
63	-32	65
63	-32	65
63	-32	65
63	-32	65
62	-31	64
63	-33	65
63	-33	65
63	-32	65
62	-32	65
63	-33	65
62	-33	64
61	-33	64
63	-33	65
65	-34	67
61	-32	64
61	-32	64
62	-32	64
61	-32	64
61	-31	63
62	-32	65
50	-32	54
49	-32	54
49	-32	54
49	-32	54
50	-32	54
51	-33	55
52	-33	56
53	-33	56
53	-33	57
54	-33	57
54	-33	58
55	-34	58
54	-33	58
55	-33	59
56	-33	60
57	-33	60
57	-34	60
57	-34	60
58	-34	61
58	-34	61
59	-35	62
59	-34	62
59	-35	62
60	-35	63
61	-35	63
61	-35	63
61	-34	63
61	-35	64
61	-35	64
61	-35	64
61	-35	64
61	-35	64
61	-35	64
62	-35	64
63	-35	65
65	-36	67
64	-36	66
65	-35	66
65	-36	67
65	-36	67
66	-36	68
67	-37	69
66	-36	68
65	-36	67
65	-36	67
66	-36	68
67	-36	68
67	-36	69
67	-36	68
67	-36	68
66	-35	68
66	-35	68
67	-36	68
68	-36	69
69	-36	70
70	-36	71
70	-37	71
70	-36	71
70	-36	70
69	-36	70
67	-36	69
67	-35	68
67	-36	68
67	-36	68
67	-36	68
67	-36	69
68	-35	69
69	-35	70
69	-35	70
69	-35	70
68	-35	69
69	-35	70
70	-36	71
72	-36	72
70	-36	72
69	-35	70
69	-35	70
69	-34	70
68	-34	69
69	-34	70
68	-35	69
68	-35	69
67	-35	69
67	-35	69
66	-34	68
66	-35	68
67	-35	68
66	-34	68
65	-34	67
65	-33	67
65	-33	67
66	-33	68
65	-33	67
65	-33	67
66	-34	68
66	-34	68
67	-33	68
67	-34	68
67	-34	68
66	-34	68
65	-33	67
65	-33	67
65	-34	67
66	-34	68
67	-35	68
66	-34	67
64	-34	66
64	-34	66
63	-33	65
63	-33	65
62	-33	64
62	-32	65
62	-32	64
62	-32	64
62	-32	64
61	-32	64
62	-32	65
63	-32	65
62	-32	64
61	-32	64
61	-32	64
61	-33	63
61	-33	63
62	-33	64
63	-33	65
62	-32	64
60	-31	63
61	-32	63
60	-32	63
60	-32	62
62	-33	64
49	-32	54
49	-32	54
49	-32	54
49	-32	54
50	-33	54
51	-33	55
53	-33	57
52	-33	56
52	-32	56
53	-33	57
54	-33	57
54	-33	57
54	-33	58
55	-34	58
56	-33	59
57	-34	60
58	-34	61
58	-34	61
58	-34	61
58	-34	61
59	-35	62
59	-34	62
59	-34	62
60	-35	62
60	-35	63
60	-35	63
60	-34	63
61	-35	63
61	-35	63
61	-35	64
61	-35	64
61	-35	64
61	-35	63
61	-35	63
61	-35	64
62	-35	64
62	-35	65
63	-35	65
64	-35	66
64	-35	66
65	-36	67
67	-37	68
66	-36	68
65	-35	66
64	-36	66
65	-35	66
65	-36	67
66	-36	68
66	-35	68
65	-35	67
65	-35	67
66	-35	67
66	-35	67
67	-36	68
67	-36	69
69	-36	70
69	-36	70
69	-37	70
69	-37	69
67	-37	68
66	-36	68
66	-36	67
67	-36	68
66	-35	68
66	-35	68
67	-36	68
68	-35	69
69	-35	70
69	-35	70
68	-35	69
68	-35	69
69	-35	70
70	-36	71
70	-36	71
70	-36	71
70	-35	71
70	-35	71
69	-34	70
68	-34	69
68	-34	69
67	-35	69
67	-35	68
67	-35	68
67	-35	68
65	-33	67
65	-33	67
65	-33	66
64	-33	66
64	-33	66
64	-32	66
65	-32	67
65	-32	67
65	-32	67
65	-33	67
65	-33	67
66	-33	68
67	-33	68
67	-33	68
67	-34	69
66	-33	68
65	-33	67
64	-33	66
64	-34	66
64	-34	66
65	-34	67
65	-34	66
64	-33	66
64	-33	66
63	-33	65
63	-33	65
62	-33	64
62	-33	64
61	-33	63
61	-33	64
61	-33	64
61	-33	63
61	-32	64
62	-32	64
61	-31	63
61	-32	63
60	-32	63
60	-32	63
60	-33	63
60	-33	63
61	-32	63
61	-31	63
60	-31	62
60	-31	63
60	-31	63
59	-33	62
61	-33	63
49	-32	53
49	-32	54
50	-32	54
49	-32	54
50	-33	54
50	-32	55
52	-33	56
51	-33	55
52	-33	56
52	-32	56
53	-33	57
53	-33	57
54	-33	58
54	-33	58
55	-33	59
57	-34	60
59	-34	61
58	-34	61
59	-34	61
58	-34	61
60	-34	62
60	-35	62
60	-35	62
60	-35	62
60	-35	62
60	-35	63
60	-34	62
60	-34	63
61	-35	63
62	-35	64
62	-35	64
61	-35	64
61	-35	63
60	-35	63
61	-35	63
62	-35	64
63	-35	65
63	-35	65
63	-35	65
63	-35	65
65	-36	67
66	-36	68
65	-36	67
65	-36	66
64	-36	66
63	-35	65
65	-36	66
66	-36	67
65	-35	67
64	-35	66
65	-35	67
65	-35	67
65	-35	67
66	-35	67
67	-36	69
68	-36	69
69	-36	70
69	-37	69
67	-37	68
65	-36	67
66	-36	67
67	-36	68
67	-36	69
66	-35	68
66	-35	68
67	-36	68
68	-35	69
68	-35	69
67	-35	69
67	-35	69
68	-35	69
67	-35	69
69	-35	70
68	-35	69
68	-36	69
69	-35	70
69	-34	70
68	-34	69
67	-34	69
67	-34	69
66	-35	68
66	-34	68
66	-34	68
66	-34	67
64	-33	66
64	-33	66
64	-33	66
64	-33	66
65	-33	66
64	-32	66
64	-32	66
65	-32	67
64	-32	66
66	-33	68
66	-33	68
66	-33	68
66	-33	68
66	-33	68
67	-34	68
67	-33	68
65	-33	67
63	-33	66
64	-34	66
63	-34	65
63	-33	65
63	-33	65
63	-33	65
63	-33	65
63	-33	65
62	-33	64
61	-33	64
61	-33	63
61	-33	63
61	-33	64
61	-33	63
60	-32	63
60	-31	62
60	-31	63
60	-31	63
60	-31	63
60	-32	62
60	-32	62
60	-33	63
60	-32	63
60	-32	62
58	-31	61
59	-31	62
60	-32	62
58	-31	62
58	-32	61
59	-33	62
49	-34	53
50	-34	54
51	-34	55
49	-32	53
49	-32	53
50	-32	54
51	-33	55
52	-33	56
52	-33	56
52	-33	56
52	-33	56
53	-34	56
53	-34	57
54	-34	57
55	-33	59
57	-33	60
58	-33	60
58	-33	60
58	-33	60
58	-34	61
58	-34	61
60	-34	62
59	-34	61
59	-35	62
60	-35	63
60	-35	63
60	-35	63
60	-35	63
60	-35	63
61	-35	63
62	-36	64
62	-36	64
61	-36	64
61	-35	63
60	-36	63
62	-36	64
64	-36	66
63	-36	65
63	-36	65
63	-36	65
63	-36	65
63	-36	65
63	-36	65
63	-36	65
64	-35	66
63	-35	65
64	-36	66
65	-35	66
65	-35	66
65	-36	66
64	-35	66
64	-35	66
64	-36	66
65	-35	67
66	-35	68
67	-36	68
68	-36	69
68	-36	69
66	-36	68
65	-36	67
66	-36	68
67	-36	68
68	-36	69
67	-36	69
66	-35	68
66	-35	68
67	-35	69
67	-35	69
67	-35	68
67	-35	68
67	-35	68
67	-34	69
67	-34	69
68	-34	69
68	-34	69
67	-35	69
67	-35	69
67	-34	69
67	-33	68
66	-32	67
65	-33	67
64	-33	66
64	-33	66
64	-33	66
63	-33	65
63	-33	65
63	-33	66
63	-33	66
64	-33	66
63	-33	66
64	-33	66
64	-33	66
63	-33	66
64	-34	66
65	-34	67
65	-34	67
65	-34	67
65	-34	67
65	-33	66
65	-33	67
63	-33	66
63	-32	65
63	-34	65
63	-33	65
63	-33	65
63	-33	65
63	-33	65
62	-32	65
62	-32	64
63	-32	65
61	-32	64
60	-33	63
60	-32	63
63	-33	65
60	-32	63
60	-32	63
60	-32	63
60	-33	63
60	-33	63
60	-32	62
59	-32	62
59	-32	62
60	-32	62
59	-32	62
58	-31	61
57	-30	60
57	-31	60
58	-32	60
58	-32	60
57	-32	60
56	-32	59
50	-34	53
51	-34	55
51	-33	55
50	-32	54
49	-32	54
49	-32	54
50	-32	55
51	-32	55
51	-33	55
52	-33	56
52	-33	56
53	-34	56
54	-34	57
54	-34	57
55	-33	58
56	-33	59
57	-33	60
56	-34	60
57	-34	60
58	-34	61
58	-34	61
58	-34	61
58	-34	61
59	-35	61
60	-35	63
60	-35	63
60	-35	63
60	-35	63
60	-35	63
60	-35	63
61	-35	63
61	-35	63
61	-35	63
60	-35	63
60	-35	63
62	-36	64
64	-36	66
63	-36	65
61	-35	64
61	-36	64
62	-36	64
62	-36	64
62	-36	64
62	-36	64
63	-35	65
63	-35	65
63	-35	65
63	-35	65
64	-35	66
63	-35	65
63	-35	65
63	-35	65
63	-35	65
65	-35	67
65	-35	67
66	-35	67
66	-35	68
66	-36	67
65	-36	67
65	-36	67
65	-36	67
66	-36	68
67	-35	68
67	-35	68
66	-35	68
65	-35	67
65	-34	67
65	-34	67
66	-34	68
66	-35	68
66	-34	68
67	-33	69
67	-33	68
67	-33	68
66	-33	68
67	-35	68
66	-35	68
65	-33	67
65	-32	67
65	-32	67
64	-33	66
63	-33	66
63	-32	65
63	-32	65
62	-32	65
62	-32	65
62	-32	65
62	-32	65
63	-32	65
62	-32	65
62	-32	65
63	-32	65
63	-32	65
63	-33	65
63	-33	65
63	-33	66
63	-34	65
63	-34	65
63	-33	65
63	-32	65
62	-32	65
62	-32	65
62	-33	64
62	-33	65
62	-33	64
61	-33	64
62	-33	64
61	-32	64
60	-32	63
61	-32	63
60	-32	62
59	-32	62
60	-32	63
61	-33	63
58	-32	61
60	-33	63
60	-32	62
60	-33	63
60	-32	62
58	-32	62
58	-32	61
58	-32	61
58	-32	61
58	-32	61
57	-32	60
57	-30	60
57	-31	60
56	-31	59
58	-32	60
56	-32	59
55	-32	59
50	-34	53
51	-34	55
52	-34	55
50	-32	55
49	-32	54
49	-32	53
49	-32	54
50	-32	54
51	-33	55
51	-33	55
52	-33	56
52	-33	56
54	-34	57
54	-33	57
55	-33	58
56	-33	59
56	-33	59
56	-34	59
57	-34	60
58	-35	60
58	-35	61
58	-34	61
58	-34	61
58	-34	61
59	-35	61
59	-35	62
60	-35	62
60	-35	62
60	-35	63
60	-35	62
60	-35	63
60	-35	63
60	-35	63
60	-35	63
60	-35	63
61	-35	63
63	-36	65
62	-36	64
61	-35	63
61	-35	63
61	-35	64
61	-35	64
61	-35	64
61	-35	64
63	-35	65
63	-35	65
63	-35	65
63	-35	65
63	-35	65
63	-35	65
63	-35	65
63	-35	65
63	-35	65
63	-34	65
64	-35	66
64	-35	66
64	-35	66
64	-35	66
63	-35	65
63	-35	65
64	-36	66
65	-35	66
65	-35	67
65	-35	67
64	-34	66
63	-34	65
64	-34	66
64	-34	66
64	-34	66
65	-34	67
65	-34	67
66	-33	68
66	-33	68
65	-33	67
65	-33	67
65	-34	67
65	-34	67
65	-33	66
64	-32	66
64	-32	66
63	-32	65
62	-32	65
62	-32	64
62	-32	64
61	-32	64
61	-32	64
61	-32	64
62	-32	64
62	-32	64
62	-32	65
62	-32	65
63	-32	65
63	-32	65
62	-33	65
63	-33	65
63	-33	65
62	-33	65
62	-33	64
62	-32	64
62	-32	65
62	-32	65
62	-32	64
62	-33	64
61	-33	64
60	-32	63
60	-32	63
61	-33	63
60	-32	62
59	-32	61
57	-32	60
58	-32	61
58	-32	61
58	-32	62
58	-32	62
59	-32	62
61	-32	63
58	-32	62
60	-32	62
58	-32	61
57	-31	60
56	-31	60
56	-31	59
55	-31	59
55	-31	59
56	-31	59
55	-29	59
57	-29	60
55	-30	59
56	-30	59
55	-31	59
54	-31	58
49	-34	53
50	-33	54
52	-34	55
52	-33	56
51	-33	55
49	-32	54
49	-32	53
49	-32	53
50	-32	54
51	-33	55
51	-33	55
52	-33	56
53	-34	56
53	-33	56
54	-33	57
55	-33	58
56	-33	59
55	-35	58
56	-36	59
57	-36	60
58	-36	60
57	-34	60
58	-34	61
58	-34	61
58	-34	61
58	-34	61
59	-35	62
60	-35	62
60	-35	63
60	-35	62
60	-35	62
60	-35	62
60	-35	63
60	-35	63
60	-35	63
60	-35	63
61	-35	63
61	-36	64
61	-35	63
60	-35	63
61	-35	63
61	-35	63
61	-35	63
61	-35	63
61	-35	64
61	-35	64
63	-35	65
63	-35	65
61	-35	64
61	-35	64
61	-35	64
62	-35	64
62	-35	64
63	-34	65
63	-34	65
63	-34	65
63	-35	65
63	-35	65
63	-35	65
63	-35	65
63	-35	65
63	-35	65
63	-34	65
63	-34	65
63	-34	65
63	-34	65
63	-33	66
64	-34	66
64	-34	66
64	-34	66
65	-34	66
65	-33	67
65	-33	66
64	-33	66
64	-33	66
64	-34	66
64	-34	66
65	-33	66
63	-32	66
63	-32	65
62	-32	64
62	-32	64
61	-32	63
61	-31	63
60	-31	63
60	-31	63
60	-31	63
61	-31	63
61	-31	63
62	-32	64
62	-32	64
62	-32	65
63	-32	65
61	-33	64
61	-33	64
61	-33	64
61	-33	64
61	-33	63
61	-32	64
62	-32	64
61	-32	64
62	-32	64
62	-33	64
60	-32	63
60	-32	63
60	-32	63
60	-32	62
59	-33	62
58	-32	61
58	-32	60
57	-32	60
57	-31	60
58	-32	61
58	-32	61
58	-32	61
58	-32	61
58	-32	61
59	-32	62
57	-31	60
55	-31	59
55	-31	58
55	-30	58
55	-31	58
54	-30	58
55	-30	58
55	-28	58
61	-29	61
57	-30	60
56	-30	59
54	-31	58
54	-31	58
49	-33	53
50	-33	54
50	-34	55
51	-34	55
51	-33	55
49	-33	54
49	-33	53
49	-33	54
50	-32	54
51	-33	55
51	-33	55
52	-33	56
52	-33	56
53	-34	56
54	-33	57
54	-33	57
54	-33	58
55	-34	58
55	-33	59
56	-34	59
56	-33	59
56	-34	59
58	-34	61
58	-34	61
57	-34	60
58	-33	61
58	-34	61
59	-34	62
58	-34	61
58	-34	61
59	-34	61
59	-34	62
61	-35	63
61	-35	63
60	-36	63
60	-35	63
60	-35	63
60	-35	63
60	-35	63
61	-35	63
61	-35	63
61	-35	63
60	-35	63
60	-35	63
61	-35	63
61	-35	63
61	-35	63
61	-35	63
61	-35	64
61	-35	64
61	-35	64
61	-35	64
62	-35	64
63	-34	65
62	-34	65
62	-34	65
62	-34	65
62	-35	64
62	-35	64
62	-35	65
61	-35	64
61	-35	64
62	-35	64
61	-35	64
62	-35	65
63	-35	65
63	-33	65
63	-33	65
64	-34	66
64	-34	66
64	-34	66
64	-34	66
64	-34	66
64	-33	66
64	-33	66
64	-33	66
64	-33	66
65	-33	66
63	-33	65
62	-32	65
61	-33	64
61	-33	63
61	-33	63
60	-32	63
60	-31	63
60	-31	63
60	-31	63
60	-31	63
60	-31	63
61	-32	64
61	-32	64
61	-32	64
61	-32	64
61	-32	64
61	-32	64
61	-32	63
61	-32	64
61	-32	64
61	-33	63
60	-33	63
60	-33	63
62	-34	64
62	-33	64
61	-33	64
60	-33	62
59	-33	62
59	-32	62
58	-32	61
58	-32	61
56	-32	60
56	-32	60
56	-31	60
57	-31	60
58	-31	60
57	-31	60
56	-31	60
57	-32	60
58	-32	60
56	-32	59
55	-32	59
56	-32	59
54	-32	57
54	-31	58
53	-30	57
55	-31	58
55	-30	58
55	-31	58
54	-30	58
55	-30	58
54	-31	58
54	-31	58
49	-33	53
50	-33	54
50	-33	54
49	-33	54
50	-33	54
50	-33	54
50	-33	54
50	-33	54
50	-33	54
51	-33	55
51	-33	55
52	-34	56
52	-33	56
52	-33	56
53	-33	57
54	-33	57
54	-33	57
54	-33	58
55	-34	58
55	-33	59
56	-33	59
56	-35	60
58	-34	61
58	-34	60
57	-33	60
58	-33	61
58	-34	61
60	-34	62
59	-34	61
58	-34	61
58	-34	61
58	-34	61
59	-35	62
60	-35	62
60	-35	63
60	-35	63
60	-35	63
60	-35	63
60	-35	63
61	-35	63
60	-35	63
60	-35	63
60	-35	63
60	-35	63
60	-35	63
61	-35	63
60	-35	63
60	-35	63
60	-35	63
61	-35	63
61	-35	64
63	-35	65
63	-35	65
63	-34	64
62	-34	64
61	-34	64
61	-34	64
61	-35	64
61	-35	64
61	-35	64
61	-35	64
61	-35	63
61	-35	64
62	-35	64
63	-35	65
63	-35	65
63	-33	65
63	-33	65
63	-33	65
64	-34	66
64	-34	66
64	-34	66
64	-34	66
65	-34	67
65	-34	67
63	-33	66
64	-33	66
63	-33	66
61	-32	64
61	-32	63
60	-32	63
60	-32	62
60	-32	63
59	-32	62
59	-31	62
59	-31	62
59	-31	62
60	-31	62
60	-31	62
60	-31	63
60	-32	63
60	-31	62
60	-31	62
60	-31	63
60	-31	63
61	-32	64
62	-32	64
61	-32	63
61	-33	63
61	-33	63
60	-33	62
59	-33	62
60	-33	62
59	-33	62
59	-33	62
58	-32	61
56	-32	60
57	-32	60
56	-32	60
55	-31	59
55	-31	59
55	-31	59
56	-31	59
56	-31	60
56	-31	59
56	-31	59
57	-32	60
56	-32	59
56	-32	59
56	-32	59
54	-32	58
54	-32	58
54	-31	57
54	-30	58
53	-30	57
54	-30	58
55	-31	58
55	-31	58
54	-30	58
54	-31	58
54	-31	57
49	-33	54
49	-33	54
49	-33	53
49	-33	53
50	-33	54
50	-33	54
49	-33	54
50	-33	54
51	-33	55
51	-33	55
51	-33	55
52	-34	56
52	-33	56
52	-33	56
52	-33	56
53	-33	57
54	-33	57
54	-33	57
54	-33	58
55	-34	58
55	-33	59
56	-34	59
56	-33	60
57	-33	60
57	-33	60
58	-32	60
58	-34	61
59	-34	61
59	-34	61
57	-34	60
58	-34	61
59	-34	61
58	-34	61
58	-35	61
59	-35	62
60	-35	63
60	-35	62
60	-35	62
60	-35	62
60	-35	63
60	-35	63
60	-35	62
59	-35	62
59	-35	62
60	-35	63
60	-35	63
60	-35	63
60	-35	63
59	-34	62
60	-35	63
61	-35	63
61	-35	64
62	-35	64
62	-34	64
61	-33	64
61	-33	63
61	-33	63
61	-35	63
61	-35	63
61	-35	64
61	-35	63
61	-35	63
63	-35	65
64	-35	65
63	-35	65
62	-35	65
62	-33	64
63	-33	65
63	-33	65
63	-33	65
64	-34	66
63	-33	65
62	-33	65
64	-33	66
63	-33	65
62	-32	65
62	-32	65
62	-32	65
62	-32	64
61	-32	64
60	-33	63
59	-32	62
59	-32	62
58	-32	62
59	-31	62
59	-31	62
59	-31	62
60	-31	62
60	-31	62
60	-31	62
59	-31	62
59	-31	62
59	-31	62
60	-31	62
60	-31	62
62	-31	64
62	-32	64
60	-31	63
60	-33	62
60	-33	62
60	-33	62
59	-33	62
58	-32	61
58	-33	61
57	-32	60
56	-32	59
55	-32	59
55	-31	59
54	-31	58
54	-31	58
54	-31	58
54	-31	58
54	-31	58
54	-31	58
54	-31	58
54	-31	58
55	-31	59
54	-31	58
55	-31	59
56	-31	59
54	-32	58
53	-32	57
54	-31	58
54	-30	57
54	-30	57
54	-30	57
54	-30	57
54	-30	57
54	-30	57
54	-30	57
53	-30	57
49	-33	54
49	-33	53
49	-33	53
49	-33	53
50	-33	54
50	-33	54
49	-33	54
50	-33	54
51	-34	55
51	-34	55
51	-34	55
51	-34	56
51	-33	55
51	-33	55
51	-33	55
52	-33	56
53	-33	57
54	-33	57
53	-33	57
54	-33	58
55	-33	59
55	-34	58
55	-34	59
56	-33	59
56	-33	59
57	-32	60
57	-34	60
57	-34	60
58	-34	61
57	-34	60
58	-34	61
60	-34	62
59	-34	61
57	-34	60
58	-34	61
58	-34	61
59	-34	61
59	-34	62
59	-34	61
60	-35	62
60	-35	62
59	-35	62
59	-35	62
59	-35	61
59	-35	61
59	-35	62
60	-35	62
60	-35	63
60	-34	62
60	-34	62
60	-34	63
60	-35	63
60	-35	63
61	-33	63
60	-33	63
60	-33	63
61	-33	63
61	-34	63
61	-35	63
61	-35	63
61	-35	63
61	-35	63
64	-35	66
64	-36	66
61	-35	64
61	-35	63
61	-33	63
61	-33	64
62	-33	64
62	-33	65
63	-33	65
63	-33	65
63	-33	65
63	-33	65
61	-33	64
60	-32	63
61	-32	63
61	-31	63
61	-31	63
61	-32	63
60	-32	63
58	-32	61
58	-32	62
58	-32	61
58	-30	61
58	-30	61
58	-30	61
58	-30	61
58	-30	61
58	-30	61
58	-30	61
58	-30	61
58	-30	61
58	-30	61
59	-31	62
60	-31	63
60	-31	63
59	-31	62
58	-32	61
58	-32	61
58	-32	61
58	-32	61
56	-32	60
56	-32	60
56	-31	59
55	-31	58
54	-31	58
54	-31	58
54	-31	57
54	-31	58
54	-30	57
53	-32	57
53	-32	57
53	-32	57
53	-32	57
54	-32	57
54	-31	57
54	-31	57
54	-31	58
55	-31	58
54	-32	57
53	-32	57
58	-31	59
54	-30	57
53	-30	57
53	-30	57
53	-30	57
53	-30	57
53	-30	57
52	-30	56
53	-30	56
49	-33	54
49	-33	53
49	-33	53
49	-34	53
49	-33	53
49	-33	53
50	-33	54
51	-33	55
51	-34	55
51	-34	55
51	-34	55
51	-34	56
51	-33	55
51	-33	55
51	-33	55
52	-33	56
53	-33	56
53	-33	57
53	-33	57
54	-33	57
55	-33	58
56	-34	59
55	-33	58
55	-33	58
55	-32	58
55	-32	59
56	-34	59
55	-34	59
56	-34	60
56	-34	60
57	-34	60
60	-34	62
59	-34	61
56	-34	59
56	-34	59
57	-34	60
58	-34	61
59	-34	62
59	-34	61
60	-35	62
60	-35	62
59	-35	62
59	-35	61
58	-35	61
58	-35	61
59	-35	61
60	-35	62
61	-35	63
61	-34	63
61	-34	63
60	-34	63
60	-34	63
60	-34	62
60	-33	63
60	-33	62
60	-33	62
61	-33	63
60	-34	63
61	-34	63
61	-34	63
60	-34	63
60	-34	63
62	-35	64
62	-35	65
61	-35	63
61	-35	63
60	-32	63
60	-32	63
61	-33	64
61	-33	64
62	-33	64
63	-33	65
64	-33	66
63	-33	65
60	-33	63
59	-31	62
59	-31	62
59	-31	62
59	-31	62
59	-32	62
58	-32	61
56	-31	60
58	-32	61
58	-31	61
56	-30	60
57	-30	60
57	-30	60
57	-30	60
58	-30	61
58	-30	60
58	-30	60
58	-30	60
57	-30	60
56	-30	60
58	-30	60
58	-30	61
58	-31	61
57	-31	61
57	-32	60
58	-32	60
58	-32	61
56	-32	60
56	-31	59
55	-31	58
54	-31	58
54	-31	58
54	-31	57
54	-31	58
54	-31	57
54	-31	58
54	-31	57
53	-32	57
53	-32	57
52	-31	57
53	-31	57
53	-32	57
52	-30	57
53	-30	57
53	-31	57
53	-30	57
52	-31	57
51	-32	55
51	-30	56
52	-30	56
52	-30	56
52	-30	56
53	-30	57
53	-30	57
52	-30	57
52	-30	56
51	-30	55
48	-33	52
49	-33	53
50	-33	53
49	-35	53
48	-35	53
49	-34	53
50	-34	54
50	-33	54
51	-34	55
51	-34	55
52	-34	56
52	-34	56
50	-32	55
51	-33	55
51	-33	55
52	-33	56
52	-33	56
52	-33	56
53	-33	57
54	-33	57
54	-33	57
54	-33	58
54	-33	57
53	-33	57
53	-33	57
53	-33	57
54	-33	57
54	-33	58
55	-33	59
56	-33	59
55	-33	59
56	-33	60
56	-33	60
56	-34	60
56	-34	60
57	-34	60
59	-34	61
59	-34	61
58	-34	61
58	-34	61
59	-34	62
58	-34	61
58	-34	61
58	-34	61
58	-34	61
58	-34	61
59	-35	62
60	-35	63
62	-34	63
61	-34	63
60	-34	62
59	-34	62
60	-34	62
61	-35	63
60	-35	63
60	-34	62
60	-34	62
60	-34	63
61	-35	63
61	-35	64
61	-35	63
60	-35	63
60	-34	62
59	-34	62
60	-34	62
60	-34	63
60	-33	62
60	-33	62
60	-33	62
61	-33	64
61	-34	64
63	-34	65
63	-33	65
61	-32	63
58	-32	61
58	-31	61
58	-31	61
58	-30	61
57	-30	60
56	-30	60
56	-29	60
56	-29	60
56	-29	60
56	-29	60
56	-30	59
56	-30	60
57	-30	60
57	-30	60
58	-30	60
57	-30	60
58	-30	61
58	-30	60
56	-30	59
56	-28	60
56	-28	60
57	-29	60
55	-30	59
57	-31	60
56	-32	60
56	-32	60
56	-32	59
56	-32	59
55	-31	58
54	-31	58
54	-31	58
53	-30	57
52	-30	56
52	-32	57
54	-32	58
54	-32	58
55	-32	58
52	-30	56
53	-31	57
52	-30	56
52	-30	56
52	-30	56
52	-30	56
52	-30	57
52	-30	57
52	-30	56
51	-30	55
53	-30	56
52	-30	56
51	-30	55
52	-30	56
51	-30	55
54	-30	57
52	-30	56
52	-30	56
51	-31	55
52	-31	55
47	-32	52
48	-32	53
49	-33	53
49	-34	53
48	-34	53
49	-33	53
50	-33	54
50	-33	54
51	-33	55
51	-34	55
51	-33	55
51	-33	55
50	-32	54
50	-32	54
51	-33	55
52	-33	56
52	-33	56
52	-33	56
53	-33	57
54	-33	57
54	-33	57
54	-33	57
53	-33	57
53	-33	57
53	-33	57
53	-33	57
53	-33	57
53	-33	57
54	-33	57
55	-34	58
55	-34	58
54	-33	58
55	-33	59
56	-33	59
55	-33	59
57	-34	60
58	-34	61
58	-34	61
57	-34	60
58	-34	61
58	-34	61
58	-34	61
58	-34	61
58	-34	61
58	-34	61
58	-34	61
58	-34	61
59	-35	62
60	-34	62
60	-34	62
59	-34	62
59	-34	62
60	-34	62
60	-34	63
60	-34	63
60	-34	62
58	-34	61
59	-34	62
60	-34	62
61	-35	63
60	-34	62
59	-34	62
60	-34	62
59	-34	62
59	-34	62
60	-34	62
59	-32	61
59	-33	62
59	-33	62
60	-33	62
61	-33	63
61	-33	64
61	-33	63
58	-32	62
57	-31	60
56	-30	60
58	-30	61
58	-30	60
56	-30	59
55	-30	59
55	-30	59
54	-30	58
55	-30	59
56	-30	60
57	-30	60
56	-30	60
56	-30	59
56	-30	60
57	-30	60
56	-30	59
57	-30	60
56	-30	60
55	-30	59
56	-29	59
56	-29	59
56	-30	59
55	-31	58
56	-31	59
55	-31	59
55	-31	59
55	-31	59
54	-31	58
54	-31	58
53	-31	57
53	-31	57
52	-30	57
51	-30	56
52	-32	56
54	-32	57
52	-32	57
52	-32	56
52	-30	56
52	-30	56
52	-30	56
52	-30	56
52	-30	56
52	-30	56
52	-30	56
51	-30	56
50	-30	55
50	-30	54
50	-30	54
50	-30	55
50	-30	55
50	-30	55
50	-30	54
50	-30	54
50	-30	55
51	-30	55
50	-31	55
50	-31	55
47	-32	51
47	-32	52
48	-32	52
48	-33	52
48	-33	52
49	-33	53
49	-32	53
49	-32	54
50	-32	54
50	-32	54
50	-32	54
50	-32	54
50	-32	54
50	-32	54
50	-32	54
51	-33	55
52	-33	55
52	-33	56
52	-33	56
53	-34	56
53	-33	57
57	-33	58
54	-33	57
52	-33	56
52	-32	56
52	-33	56
52	-32	57
52	-32	57
53	-33	57
54	-33	58
54	-33	58
54	-33	58
55	-34	58
55	-33	58
55	-33	59
56	-33	59
56	-33	59
55	-33	59
56	-33	59
56	-34	60
57	-34	60
57	-33	60
57	-34	60
56	-33	60
56	-34	59
56	-33	60
57	-34	60
57	-34	60
57	-34	60
58	-34	61
58	-33	61
58	-34	61
60	-34	62
59	-34	62
59	-34	61
58	-33	61
57	-33	60
58	-33	61
58	-34	61
58	-34	61
58	-34	61
58	-33	61
60	-34	62
61	-34	63
58	-34	61
58	-34	61
58	-32	61
58	-32	61
59	-33	62
59	-33	62
60	-33	62
59	-32	62
58	-32	61
56	-31	60
57	-31	60
56	-30	59
57	-30	60
56	-30	59
55	-29	58
54	-30	58
55	-30	58
54	-30	58
55	-30	59
56	-30	59
56	-30	60
56	-30	59
55	-30	59
56	-30	59
56	-30	59
55	-29	59
54	-30	58
54	-30	58
55	-29	58
55	-29	59
55	-30	59
55	-30	59
55	-31	59
54	-32	58
54	-31	58
54	-31	58
54	-31	58
54	-31	58
55	-31	58
53	-30	57
52	-30	56
52	-30	56
51	-30	56
52	-32	56
52	-32	56
52	-31	56
52	-32	56
52	-31	56
53	-30	56
51	-30	55
56	-31	57
50	-30	55
51	-30	55
50	-30	55
50	-30	54
49	-30	54
49	-30	54
49	-30	54
50	-30	54
50	-30	54
49	-30	54
50	-30	54
49	-30	54
51	-30	55
50	-30	54
49	-30	53
48	-30	53
46	-32	51
46	-32	51
47	-32	52
47	-32	51
47	-32	51
48	-32	52
49	-31	53
48	-31	53
50	-31	54
50	-31	54
50	-31	54
50	-31	54
49	-32	53
49	-32	54
50	-32	54
50	-32	54
51	-33	55
52	-33	55
52	-33	55
52	-33	56
52	-33	56
52	-32	56
52	-32	56
52	-32	56
52	-32	56
53	-32	57
52	-32	56
52	-33	56
52	-33	56
53	-33	57
55	-33	58
55	-33	58
54	-33	58
55	-34	58
55	-33	59
56	-33	59
56	-33	59
55	-33	59
55	-33	59
56	-33	59
56	-33	59
56	-33	59
55	-33	59
55	-33	59
55	-33	59
56	-33	59
56	-33	59
56	-33	59
57	-33	60
57	-33	60
57	-33	60
57	-33	60
58	-33	60
57	-33	60
57	-33	60
56	-33	60
56	-33	59
56	-33	60
57	-33	60
57	-33	60
57	-33	60
56	-33	60
58	-34	61
59	-34	62
58	-34	61
58	-34	61
58	-32	61
58	-32	61
58	-33	61
58	-33	61
58	-33	61
57	-31	60
56	-31	60
56	-31	59
58	-31	60
56	-30	60
55	-29	59
54	-29	58
54	-29	58
54	-29	57
54	-30	58
54	-30	58
54	-30	58
54	-30	58
54	-30	58
54	-30	58
55	-30	59
55	-29	59
55	-29	59
54	-29	57
53	-29	57
53	-29	57
54	-29	57
55	-30	59
55	-30	59
55	-31	59
56	-31	59
54	-32	58
54	-31	58
54	-31	58
54	-31	58
54	-31	57
54	-31	57
52	-30	56
51	-30	56
51	-30	56
51	-30	55
52	-31	55
52	-31	55
52	-31	55
51	-31	55
50	-30	55
51	-30	55
50	-30	55
50	-30	54
50	-30	54
49	-30	54
49	-30	54
49	-30	54
48	-29	53
49	-29	53
49	-30	54
49	-30	54
49	-29	53
49	-29	53
49	-29	53
49	-29	53
50	-29	54
48	-29	53
49	-30	53
47	-30	52
46	-32	51
45	-32	51
47	-32	51
46	-32	51
46	-32	51
47	-32	51
47	-32	51
47	-32	52
49	-32	53
49	-32	53
48	-31	53
48	-31	52
49	-31	53
50	-32	54
49	-33	53
50	-34	55
51	-34	55
51	-33	55
51	-33	55
51	-33	55
50	-33	54
51	-33	55
52	-33	56
52	-32	56
52	-32	56
51	-32	56
52	-32	56
51	-32	55
52	-32	56
52	-32	56
54	-33	57
54	-33	58
55	-33	58
55	-33	58
54	-33	58
55	-34	58
56	-34	59
57	-33	59
55	-34	58
54	-33	57
55	-33	58
54	-33	58
53	-33	57
53	-33	57
55	-33	59
55	-34	58
56	-33	59
55	-33	58
56	-33	59
56	-33	59
56	-33	59
56	-33	59
56	-33	59
55	-33	58
55	-33	58
55	-33	59
56	-33	59
56	-33	59
56	-33	59
56	-33	59
56	-33	59
56	-33	59
57	-33	60
57	-34	60
58	-33	60
59	-34	61
58	-33	61
58	-33	61
58	-33	61
58	-33	61
57	-33	60
56	-31	59
55	-31	58
55	-31	59
55	-30	58
54	-29	57
53	-29	57
53	-30	57
54	-31	57
54	-30	57
54	-30	57
53	-30	57
53	-30	57
53	-30	57
54	-30	58
53	-30	57
55	-30	58
54	-30	57
54	-30	57
53	-30	57
53	-30	57
53	-30	57
54	-30	57
55	-29	58
54	-29	58
54	-30	58
54	-31	58
54	-31	57
54	-31	57
54	-31	58
54	-30	57
52	-30	57
51	-31	55
51	-31	55
51	-31	55
51	-31	55
55	-32	57
52	-31	55
50	-31	55
50	-31	55
50	-31	55
50	-30	55
50	-31	54
49	-31	53
49	-31	53
49	-31	53
49	-30	54
49	-30	54
47	-29	52
53	-29	55
48	-29	52
47	-29	52
47	-29	53
48	-29	53
48	-29	53
50	-30	55
50	-30	54
49	-30	54
48	-29	52
47	-30	52
47	-30	52
45	-32	50
46	-32	51
46	-32	51
45	-31	50
45	-32	50
46	-32	51
47	-32	51
47	-32	52
48	-31	52
48	-31	52
48	-31	52
48	-31	52
49	-31	53
50	-32	54
49	-33	53
49	-33	53
49	-34	53
50	-32	54
50	-32	54
50	-32	54
51	-32	55
51	-33	55
51	-32	55
52	-33	55
51	-32	56
51	-32	55
51	-32	55
51	-32	55
51	-32	55
52	-32	55
53	-34	56
53	-33	57
54	-33	57
54	-33	57
54	-33	57
52	-33	56
54	-33	57
54	-33	58
53	-33	57
53	-33	57
53	-33	57
53	-33	57
53	-33	57
54	-33	57
54	-33	58
54	-33	58
54	-33	58
54	-33	57
54	-33	58
54	-33	58
54	-33	58
54	-33	58
54	-33	58
54	-33	57
54	-33	57
55	-34	58
55	-33	59
55	-33	59
55	-33	59
56	-33	59
56	-33	59
56	-33	59
56	-33	59
57	-33	60
57	-33	60
58	-33	60
57	-33	60
57	-33	60
58	-33	60
58	-33	60
57	-33	60
55	-31	59
54	-30	58
54	-30	58
54	-30	58
52	-29	57
52	-29	57
53	-30	57
54	-31	57
54	-31	57
53	-30	57
53	-30	57
53	-30	57
53	-30	57
53	-30	57
53	-30	57
53	-30	57
53	-30	57
53	-30	57
53	-30	57
53	-30	57
53	-30	57
54	-30	57
53	-29	57
53	-29	57
53	-30	57
53	-31	57
52	-31	56
53	-31	57
54	-31	57
53	-31	57
52	-30	56
51	-31	55
50	-31	55
51	-31	55
51	-31	55
52	-31	55
50	-31	54
50	-31	54
50	-31	55
50	-31	55
49	-30	53
49	-30	54
50	-31	54
49	-31	54
49	-30	53
48	-30	53
47	-29	52
48	-29	53
49	-29	53
47	-29	52
47	-29	51
48	-29	53
49	-29	53
48	-29	53
49	-30	54
49	-30	54
47	-29	52
47	-29	52
47	-30	52
47	-30	52
45	-31	50
46	-31	51
45	-31	50
45	-31	49
45	-31	49
45	-31	50
46	-32	51
46	-32	51
47	-31	52
47	-31	52
47	-31	52
47	-31	52
48	-30	52
48	-31	52
48	-32	53
50	-33	54
51	-34	55
51	-32	54
51	-32	54
49	-32	54
51	-32	54
50	-33	54
50	-32	54
50	-32	55
51	-32	55
50	-31	55
50	-32	55
50	-32	55
51	-32	55
51	-32	55
52	-34	55
52	-34	55
52	-34	56
52	-34	56
52	-33	56
52	-32	56
52	-33	56
52	-32	56
52	-33	56
52	-33	56
52	-33	56
53	-33	57
54	-33	57
55	-33	58
55	-33	58
54	-33	57
52	-32	57
52	-32	56
53	-33	57
53	-33	57
53	-33	57
53	-33	57
53	-33	57
53	-33	57
53	-33	57
54	-33	57
55	-34	58
56	-33	59
56	-33	59
56	-33	59
56	-33	59
56	-33	59
56	-33	59
56	-33	59
57	-33	60
57	-33	60
56	-33	59
56	-33	60
57	-33	60
56	-33	60
56	-33	59
54	-31	58
54	-31	58
54	-31	57
52	-30	57
52	-29	56
52	-29	56
52	-30	57
53	-31	57
53	-30	57
52	-30	56
52	-29	56
52	-29	56
52	-30	56
54	-30	57
56	-30	58
53	-30	57
53	-30	57
52	-30	56
52	-30	57
52	-30	57
53	-30	57
53	-30	57
53	-29	57
53	-29	57
53	-30	57
52	-30	57
52	-30	56
52	-30	56
52	-30	56
52	-30	56
51	-30	55
50	-31	54
50	-31	54
50	-31	55
50	-31	54
50	-31	54
49	-30	53
49	-30	53
50	-31	54
50	-31	54
49	-30	53
48	-30	53
48	-30	53
48	-30	53
49	-30	53
47	-30	52
47	-29	52
48	-29	52
46	-28	51
46	-28	51
46	-28	51
47	-29	52
49	-29	53
48	-29	53
47	-29	52
47	-29	52
49	-29	53
50	-29	53
47	-30	51
47	-30	51
45	-31	50
45	-31	50
45	-31	49
44	-31	49
44	-31	49
45	-31	50
45	-32	50
46	-31	51
47	-31	51
46	-31	51
46	-31	51
47	-31	51
46	-30	51
47	-31	52
48	-32	52
50	-33	53
52	-34	55
50	-32	54
50	-32	54
49	-32	54
49	-32	54
49	-33	53
49	-32	54
49	-31	54
50	-31	54
50	-31	55
50	-31	54
50	-32	54
50	-32	55
50	-32	55
51	-34	55
51	-34	55
51	-34	55
52	-34	55
52	-33	55
53	-32	56
52	-32	56
51	-32	55
51	-32	55
52	-32	56
52	-32	56
52	-32	56
53	-32	57
54	-32	57
54	-32	57
53	-32	57
51	-32	55
52	-32	55
52	-32	56
52	-32	56
52	-32	56
52	-32	56
52	-32	56
52	-32	56
52	-33	56
53	-33	57
54	-33	58
56	-33	59
56	-33	59
56	-33	59
55	-33	59
55	-32	58
55	-32	58
56	-33	59
56	-33	59
56	-33	60
55	-33	59
56	-33	59
56	-33	59
55	-33	59
55	-33	59
54	-32	58
53	-32	57
52	-32	56
52	-31	55
51	-28	55
52	-29	56
52	-30	56
52	-30	56
52	-30	56
51	-29	55
51	-29	55
51	-29	55
52	-29	56
51	-29	55
52	-29	56
51	-29	55
51	-29	55
51	-29	55
51	-29	55
51	-29	55
52	-29	56
52	-29	56
52	-29	56
52	-29	56
52	-30	56
52	-30	56
52	-30	56
51	-30	55
51	-30	55
50	-30	55
50	-30	54
50	-31	54
50	-31	54
49	-31	54
50	-31	54
49	-30	53
48	-30	53
48	-30	53
49	-30	53
49	-30	53
48	-30	53
48	-30	53
49	-30	53
50	-31	54
50	-30	54
46	-29	51
47	-29	52
47	-28	51
46	-27	51
45	-28	50
46	-28	51
47	-29	52
48	-29	52
47	-29	52
46	-28	50
45	-28	50
49	-28	52
50	-29	53
46	-29	51
46	-29	51
44	-31	49
43	-31	48
44	-31	49
43	-31	49
43	-31	49
44	-31	49
45	-31	49
46	-31	50
48	-31	52
47	-31	51
46	-31	51
47	-31	52
46	-30	51
47	-31	52
48	-32	53
47	-32	52
48	-32	53
47	-31	52
48	-31	52
48	-32	53
48	-31	52
48	-33	53
48	-32	53
49	-31	53
50	-31	54
50	-31	55
50	-31	54
50	-31	54
50	-31	54
50	-31	55
51	-34	55
51	-34	55
51	-34	55
51	-34	55
52	-34	56
53	-32	56
52	-32	55
50	-32	54
50	-32	55
51	-32	55
51	-32	55
51	-32	55
51	-32	55
51	-32	55
51	-32	55
50	-32	55
50	-32	55
52	-32	55
52	-32	55
52	-32	55
52	-32	55
52	-32	55
52	-32	55
51	-32	55
52	-32	56
53	-33	57
54	-33	58
55	-33	58
55	-33	58
56	-33	59
55	-33	58
55	-33	59
55	-32	58
56	-33	59
56	-33	59
56	-33	59
54	-32	58
56	-33	59
56	-33	59
55	-33	59
56	-33	59
54	-32	57
52	-32	56
51	-30	56
51	-31	55
51	-28	55
52	-29	56
52	-29	56
52	-30	56
51	-30	56
50	-30	55
50	-30	55
51	-30	55
51	-29	56
52	-30	56
50	-29	55
52	-30	56
51	-29	55
51	-29	55
51	-30	55
51	-29	55
51	-29	55
51	-29	55
51	-29	56
51	-28	55
51	-29	55
51	-30	56
51	-30	56
51	-30	55
50	-30	54
50	-30	54
50	-29	54
49	-30	53
49	-30	54
48	-30	53
50	-30	54
49	-30	54
48	-30	53
48	-30	53
49	-30	53
48	-30	53
47	-30	52
48	-30	53
48	-30	53
47	-30	52
45	-30	51
45	-29	51
45	-28	51
45	-28	51
46	-28	51
45	-28	50
45	-28	50
47	-28	51
47	-29	51
45	-28	51
43	-27	49
45	-28	50
45	-28	50
45	-28	51
46	-29	51
45	-30	50
42	-32	48
42	-31	48
43	-30	48
43	-30	49
44	-30	49
44	-30	49
43	-30	49
45	-31	49
46	-32	51
46	-32	51
46	-32	51
46	-32	51
46	-31	51
46	-31	51
46	-31	51
47	-31	51
47	-31	51
46	-31	51
47	-31	52
48	-32	52
48	-31	52
48	-33	52
47	-32	52
48	-31	53
49	-31	54
49	-30	53
50	-31	54
49	-31	54
50	-31	54
50	-32	55
50	-32	55
50	-32	55
50	-32	55
52	-33	55
53	-33	56
52	-32	56
50	-32	55
50	-32	54
50	-31	54
50	-31	54
50	-31	54
50	-31	54
50	-31	54
50	-31	54
50	-31	54
50	-32	54
50	-32	55
50	-32	55
51	-32	55
50	-32	55
50	-32	55
51	-32	55
51	-32	55
51	-32	55
51	-32	55
52	-32	56
53	-32	57
54	-33	58
54	-33	58
54	-33	57
54	-33	57
54	-33	58
54	-32	58
54	-32	58
55	-32	58
54	-32	58
54	-32	57
53	-32	57
53	-32	57
53	-32	57
52	-32	57
52	-32	56
51	-30	56
50	-29	55
50	-29	55
50	-29	55
51	-29	55
52	-30	56
52	-32	56
52	-32	56
50	-31	55
51	-30	55
51	-30	55
50	-29	55
50	-30	54
50	-30	55
51	-30	55
50	-30	54
51	-30	56
51	-31	55
51	-31	55
50	-31	55
50	-31	55
51	-31	55
50	-31	55
51	-31	55
52	-31	55
51	-31	55
50	-31	54
51	-31	55
50	-31	54
50	-31	54
48	-30	52
48	-30	52
48	-30	52
48	-30	52
48	-30	52
46	-29	51
48	-29	53
47	-29	52
46	-29	51
46	-29	51
47	-30	51
47	-30	51
46	-29	51
45	-29	50
46	-29	51
45	-30	50
45	-29	50
45	-30	50
50	-30	52
44	-29	50
45	-28	51
45	-28	50
45	-28	51
45	-29	49
45	-29	49
44	-29	49
44	-29	49
44	-29	50
43	-29	49
42	-32	48
42	-31	48
43	-30	48
44	-30	49
44	-30	49
44	-30	49
43	-30	49
43	-30	49
43	-31	49
45	-31	50
45	-32	51
45	-32	51
46	-31	51
45	-30	50
45	-30	50
46	-31	51
45	-30	50
45	-31	50
47	-31	52
48	-31	52
48	-31	53
47	-32	52
47	-32	52
48	-31	52
49	-31	53
48	-30	53
49	-31	53
49	-31	53
50	-31	54
50	-31	55
50	-32	54
50	-32	54
50	-32	54
50	-32	54
51	-32	55
52	-32	55
50	-31	54
49	-31	54
49	-31	53
49	-31	53
49	-31	53
49	-31	53
49	-31	53
49	-31	54
50	-31	54
50	-31	54
50	-32	54
50	-32	54
50	-32	54
50	-32	54
50	-32	54
50	-32	55
50	-32	55
50	-31	55
50	-32	55
51	-32	55
52	-32	56
53	-33	57
52	-33	56
52	-33	56
53	-33	57
53	-33	57
53	-32	57
53	-32	57
53	-32	57
53	-32	57
53	-32	57
52	-32	57
52	-32	57
52	-32	56
51	-31	55
52	-31	55
50	-30	55
49	-29	54
49	-29	54
49	-29	54
50	-29	55
52	-30	56
51	-31	55
50	-31	54
50	-31	55
50	-30	55
50	-29	54
50	-29	54
50	-30	54
49	-30	54
50	-30	55
53	-30	56
50	-30	55
51	-31	55
51	-31	55
49	-31	54
50	-31	54
49	-30	54
49	-31	54
51	-31	54
51	-30	54
49	-30	53
49	-30	54
49	-30	54
49	-30	53
48	-30	53
47	-30	52
47	-30	52
47	-30	52
47	-30	52
47	-30	52
49	-29	53
46	-29	51
46	-28	51
45	-28	51
49	-29	52
46	-29	51
45	-29	51
46	-29	51
44	-29	50
45	-29	50
43	-29	49
43	-29	49
44	-29	49
45	-29	50
43	-29	49
44	-28	50
43	-27	49
44	-27	50
43	-29	49
43	-29	49
43	-28	48
43	-28	49
43	-28	49
43	-28	49
42	-32	48
43	-31	48
43	-30	48
43	-30	48
43	-30	48
43	-30	48
43	-30	48
43	-30	48
43	-31	49
45	-31	49
45	-32	50
46	-32	51
45	-30	50
45	-31	50
45	-31	50
45	-31	50
45	-30	50
46	-31	51
47	-31	52
48	-31	52
48	-31	52
47	-32	52
47	-32	52
47	-31	52
48	-30	53
47	-30	52
47	-30	52
48	-31	53
49	-31	53
50	-31	54
50	-32	54
49	-32	54
49	-32	54
49	-32	53
49	-32	53
49	-31	53
49	-31	53
48	-31	53
48	-30	52
48	-30	52
48	-30	52
48	-30	52
48	-30	52
48	-30	52
49	-31	53
50	-31	54
50	-31	54
49	-31	54
49	-31	54
49	-31	54
50	-31	54
50	-31	54
50	-31	54
50	-31	54
50	-32	54
50	-32	55
51	-32	55
51	-32	55
52	-32	56
52	-32	56
52	-32	56
52	-32	56
53	-32	57
52	-32	57
52	-32	56
52	-32	56
52	-31	56
52	-32	56
52	-32	56
52	-32	56
51	-31	55
50	-31	54
49	-30	53
49	-29	53
48	-28	53
48	-28	53
49	-29	53
49	-29	53
49	-30	54
49	-30	53
49	-30	53
49	-30	53
49	-29	54
49	-29	54
49	-30	53
48	-29	53
50	-30	54
52	-30	55
49	-30	54
50	-31	54
51	-31	55
50	-31	55
50	-31	54
49	-30	53
48	-30	52
48	-30	52
48	-30	52
47	-30	52
48	-30	52
49	-30	53
48	-30	52
48	-30	52
47	-30	52
46	-29	51
47	-30	51
47	-30	51
46	-29	51
48	-30	52
45	-29	51
45	-30	50
45	-29	50
49	-30	52
47	-30	52
46	-29	51
46	-29	51
45	-29	50
43	-28	49
43	-28	49
43	-28	49
43	-29	49
43	-29	49
43	-28	49
43	-27	49
43	-27	49
43	-27	49
43	-28	48
43	-28	48
42	-28	48
42	-28	48
42	-28	48
42	-28	48
42	-32	48
43	-31	48
43	-30	48
42	-30	48
42	-30	48
42	-30	48
43	-30	48
42	-30	48
44	-31	49
43	-31	49
45	-31	50
45	-31	50
45	-30	49
44	-30	49
43	-30	49
44	-30	49
45	-30	49
47	-31	51
46	-31	51
47	-31	52
47	-31	52
47	-32	51
46	-31	51
47	-31	52
47	-30	52
47	-30	52
47	-30	52
47	-30	52
48	-31	53
49	-31	53
49	-32	53
49	-32	53
49	-32	53
48	-32	52
48	-31	52
47	-30	52
47	-30	52
47	-30	52
47	-30	51
47	-30	51
47	-30	51
47	-30	51
47	-30	51
47	-30	51
48	-31	52
49	-31	54
50	-31	54
50	-31	54
49	-31	54
50	-31	54
50	-31	54
50	-31	54
50	-31	54
50	-31	54
49	-31	54
50	-32	54
50	-32	55
51	-32	55
51	-32	55
52	-32	55
52	-32	55
52	-32	55
52	-31	56
52	-31	55
51	-31	55
51	-31	55
50	-31	55
51	-31	55
52	-31	56
52	-31	56
50	-30	55
48	-30	53
48	-29	53
48	-28	53
47	-28	52
47	-28	52
47	-28	52
47	-29	52
47	-30	52
47	-30	52
48	-30	53
48	-30	53
48	-29	53
48	-28	53
47	-29	52
48	-29	53
49	-29	53
47	-29	52
49	-30	54
49	-31	54
51	-31	55
52	-31	55
50	-31	55
47	-30	52
48	-30	52
47	-30	52
47	-30	52
47	-30	52
46	-29	51
45	-30	50
45	-29	51
50	-30	53
47	-30	51
45	-29	51
46	-29	51
47	-30	51
45	-30	50
44	-30	49
44	-30	50
44	-30	49
44	-30	49
43	-29	49
47	-29	52
48	-30	52
45	-30	50
44	-29	50
43	-28	49
42	-28	48
43	-28	49
43	-29	49
44	-28	48
43	-28	48
42	-27	48
42	-27	48
42	-26	48
42	-28	47
42	-28	48
41	-28	47
41	-28	47
41	-28	47
41	-28	47
42	-31	47
42	-31	47
43	-31	48
41	-30	47
41	-30	47
42	-31	47
42	-31	47
42	-30	48
43	-30	48
43	-30	49
44	-31	50
45	-31	50
43	-31	49
43	-31	49
44	-31	49
44	-31	49
45	-31	50
46	-32	51
45	-31	50
46	-32	51
47	-32	51
47	-32	51
46	-31	51
48	-31	52
49	-32	53
48	-32	52
48	-32	53
48	-32	53
48	-31	52
47	-30	51
46	-30	51
47	-30	52
47	-30	52
46	-31	51
47	-30	52
46	-30	51
46	-30	51
47	-30	52
48	-30	52
47	-30	51
46	-30	51
47	-30	52
47	-30	52
47	-30	51
47	-30	52
49	-31	53
50	-31	54
49	-31	53
47	-30	52
49	-31	53
49	-31	54
50	-31	54
49	-31	54
50	-31	54
50	-31	54
49	-31	53
50	-31	54
50	-32	55
50	-32	55
50	-32	55
51	-32	55
52	-32	56
52	-31	55
51	-31	55
50	-31	55
50	-31	54
50	-31	54
50	-30	54
51	-31	55
50	-30	54
50	-31	54
47	-30	52
47	-30	52
47	-30	52
47	-29	51
47	-29	52
46	-29	51
46	-29	51
46	-29	51
46	-29	51
47	-29	52
48	-29	52
48	-29	52
47	-29	52
48	-29	53
47	-29	53
47	-29	53
47	-29	52
47	-29	52
47	-28	52
48	-29	53
50	-30	54
49	-30	54
47	-30	52
47	-30	52
49	-30	52
45	-29	51
45	-29	51
46	-28	51
45	-28	51
46	-29	51
45	-28	50
45	-29	50
45	-30	50
45	-29	51
45	-29	50
44	-29	50
42	-28	48
42	-28	48
43	-28	49
43	-28	49
42	-29	48
50	-30	52
46	-29	50
42	-28	48
43	-28	48
42	-28	47
41	-28	47
41	-28	47
43	-28	47
44	-29	49
42	-28	48
43	-27	49
45	-26	49
40	-26	46
42	-29	48
42	-29	48
41	-29	47
41	-29	47
41	-27	46
40	-26	46
41	-31	46
41	-31	47
41	-31	47
41	-30	47
41	-30	47
41	-30	47
42	-30	47
42	-31	47
43	-30	48
43	-30	49
43	-30	49
44	-31	50
43	-31	49
43	-31	49
43	-31	49
43	-31	49
43	-31	49
45	-31	50
45	-31	50
45	-31	50
45	-31	50
46	-31	51
46	-31	51
47	-31	52
48	-32	52
48	-32	52
48	-33	52
47	-32	52
47	-31	51
47	-30	51
47	-30	51
46	-30	51
48	-31	52
48	-30	52
45	-30	50
45	-30	51
45	-30	51
46	-30	51
47	-30	51
47	-30	51
46	-30	51
46	-30	51
47	-30	51
47	-30	51
46	-30	51
49	-31	53
49	-31	53
48	-31	53
47	-30	52
48	-30	52
48	-31	53
48	-31	53
48	-31	52
48	-31	53
49	-31	54
49	-31	54
50	-31	54
50	-31	55
50	-31	55
50	-32	55
50	-31	55
51	-32	55
51	-31	55
51	-31	55
50	-31	55
49	-30	53
49	-30	53
49	-30	53
49	-30	53
49	-30	53
49	-30	53
47	-30	51
46	-29	51
46	-29	51
47	-30	51
47	-30	51
46	-29	51
46	-29	51
46	-29	51
47	-30	51
47	-29	52
47	-29	52
47	-29	52
47	-29	52
50	-29	54
49	-29	53
47	-29	52
47	-29	51
47	-29	52
47	-28	52
47	-29	52
49	-29	53
49	-30	53
48	-30	53
47	-30	52
47	-30	51
47	-30	51
45	-29	51
44	-28	50
44	-28	50
45	-28	50
44	-28	49
43	-28	49
44	-29	49
44	-29	49
43	-29	49
43	-29	49
43	-28	49
43	-28	48
42	-28	48
41	-28	48
42	-28	48
45	-29	50
43	-28	49
42	-28	48
40	-28	47
41	-28	47
41	-28	47
41	-28	47
43	-28	47
45	-29	49
41	-28	47
41	-27	47
43	-26	48
42	-26	47
41	-28	47
41	-28	47
46	-29	49
43	-29	48
40	-27	46
39	-27	45
40	-31	46
40	-30	46
41	-31	47
41	-31	47
41	-31	47
41	-31	47
41	-31	47
41	-31	47
42	-30	48
42	-30	48
43	-30	49
43	-30	49
45	-31	49
45	-31	49
44	-31	49
43	-31	49
43	-31	49
45	-31	49
45	-31	49
45	-31	49
43	-31	49
45	-31	50
46	-31	51
46	-31	51
46	-31	51
47	-31	52
49	-33	52
47	-32	52
46	-31	51
45	-30	50
46	-30	51
45	-30	50
47	-30	51
46	-30	51
44	-30	50
44	-30	50
45	-30	50
45	-30	50
45	-30	50
45	-30	50
45	-30	50
45	-30	51
46	-30	51
46	-30	50
45	-30	51
47	-30	51
47	-30	52
47	-30	52
47	-30	52
47	-30	52
47	-30	52
48	-31	53
49	-31	53
49	-31	53
49	-31	54
50	-31	54
50	-31	54
50	-31	54
50	-31	54
50	-31	54
50	-31	54
50	-31	54
50	-31	54
50	-30	54
49	-30	54
48	-30	53
48	-30	52
47	-30	52
47	-30	52
47	-30	52
48	-30	52
46	-29	51
45	-29	51
45	-29	51
46	-29	51
46	-29	51
45	-29	51
45	-29	51
46	-29	51
47	-30	51
47	-29	51
47	-29	52
47	-29	52
47	-29	51
49	-29	53
48	-29	53
46	-29	51
46	-28	51
46	-28	51
46	-28	51
46	-29	51
47	-29	52
47	-30	52
46	-29	51
46	-29	51
45	-29	51
47	-29	51
43	-29	49
43	-27	49
43	-27	49
44	-27	49
43	-28	49
43	-28	48
42	-28	48
42	-28	48
43	-28	48
45	-29	49
42	-28	48
42	-28	48
45	-29	49
43	-28	48
41	-28	48
43	-28	49
42	-28	48
43	-28	48
43	-28	48
41	-28	46
41	-28	46
41	-28	46
42	-28	47
45	-28	49
41	-28	47
40	-26	46
38	-25	45
40	-26	46
41	-28	47
41	-28	47
41	-27	46
40	-27	46
38	-26	45
38	-26	45
39	-31	45
40	-31	46
40	-31	46
40	-30	46
40	-30	46
41	-30	46
41	-30	46
41	-30	46
41	-29	47
42	-30	48
42	-30	48
43	-30	48
44	-31	49
44	-31	49
43	-31	48
43	-31	49
43	-31	49
43	-31	49
44	-31	49
44	-31	49
44	-31	49
43	-30	49
44	-30	49
45	-31	50
45	-31	50
46	-31	51
47	-32	52
46	-32	51
45	-31	50
44	-30	50
44	-30	49
44	-30	50
43	-30	49
43	-30	49
44	-30	49
43	-30	49
44	-30	49
44	-30	49
44	-30	49
43	-30	49
45	-30	50
45	-30	50
45	-30	50
45	-30	50
45	-30	50
45	-30	50
45	-30	51
46	-30	51
46	-30	51
46	-30	51
47	-30	52
48	-31	52
49	-31	53
50	-31	53
49	-31	53
49	-31	54
49	-31	54
49	-31	53
49	-31	53
49	-31	54
50	-31	54
49	-31	53
49	-30	53
49	-30	53
48	-30	52
46	-29	51
47	-30	51
46	-29	51
46	-29	51
46	-29	51
46	-29	51
45	-30	50
45	-30	50
45	-30	50
45	-29	51
45	-29	50
45	-29	50
45	-29	50
45	-29	50
46	-29	50
47	-29	51
47	-29	52
47	-29	52
47	-29	51
46	-29	51
46	-29	51
46	-28	51
45	-28	51
45	-28	50
45	-27	51
45	-28	51
45	-28	51
45	-30	50
45	-29	50
44	-29	50
44	-29	49
44	-29	49
42	-28	48
43	-27	48
43	-27	48
43	-27	48
43	-27	48
42	-28	48
41	-28	47
41	-28	47
43	-28	48
44	-28	48
43	-28	48
42	-28	47
45	-28	49
42	-28	47
41	-28	47
42	-28	48
40	-28	47
40	-28	46
41	-28	47
40	-28	46
40	-27	46
40	-27	46
41	-28	46
41	-28	47
41	-28	46
40	-26	46
38	-25	45
39	-25	45
39	-26	45
39	-27	45
39	-27	45
39	-27	45
38	-26	44
38	-26	44
39	-30	44
40	-31	46
40	-31	46
40	-30	46
40	-30	46
40	-30	46
40	-30	46
40	-29	46
41	-29	47
41	-29	47
42	-30	48
42	-30	48
42	-31	47
42	-31	47
42	-31	47
42	-31	48
43	-31	48
42	-30	48
42	-30	48
43	-31	48
43	-31	48
43	-30	49
43	-30	49
43	-30	49
44	-31	50
45	-31	50
45	-31	50
45	-31	50
45	-31	50
44	-30	50
44	-30	49
43	-29	49
43	-30	49
44	-30	49
43	-29	49
43	-29	49
43	-29	48
43	-29	48
43	-29	49
43	-29	49
44	-30	50
45	-30	50
44	-30	50
45	-30	50
44	-30	49
45	-30	50
45	-30	50
44	-30	49
46	-30	51
45	-30	51
46	-30	51
47	-30	52
48	-30	52
49	-31	53
47	-31	52
48	-31	52
49	-31	53
47	-30	52
48	-31	53
49	-31	54
50	-31	53
49	-31	54
48	-30	52
47	-30	52
46	-29	51
45	-29	51
45	-29	50
45	-29	51
45	-29	51
45	-29	51
45	-29	50
45	-29	50
45	-29	50
45	-29	50
45	-30	50
44	-29	49
44	-29	49
43	-29	49
45	-29	50
45	-29	50
47	-28	51
47	-29	52
47	-29	52
47	-29	51
47	-29	52
46	-29	51
45	-28	50
45	-28	50
46	-28	51
45	-27	50
45	-28	50
44	-28	49
44	-29	50
45	-29	50
42	-28	48
42	-28	48
41	-28	47
43	-28	49
42	-27	48
42	-27	48
42	-27	48
41	-27	47
41	-28	47
41	-28	47
41	-28	47
41	-28	47
40	-27	47
40	-28	47
41	-28	47
41	-28	47
41	-28	47
41	-28	47
40	-28	46
40	-28	47
41	-28	46
40	-27	45
39	-27	46
39	-27	45
39	-27	46
40	-26	45
40	-27	46
41	-27	46
38	-26	45
39	-25	45
37	-25	44
38	-26	44
39	-26	45
37	-25	44
36	-26	43
38	-26	44
38	-26	44
38	-29	44
38	-30	45
40	-31	46
40	-30	46
40	-30	46
40	-30	46
40	-30	46
40	-30	46
41	-29	47
41	-29	47
41	-29	47
41	-29	47
41	-31	47
41	-31	47
41	-31	47
41	-31	47
41	-30	47
42	-28	48
42	-28	48
42	-28	48
42	-28	47
42	-30	48
43	-30	48
44	-30	49
45	-30	49
44	-30	49
45	-30	49
44	-30	49
44	-30	49
44	-30	49
44	-30	49
43	-29	49
42	-29	48
42	-29	48
43	-29	48
43	-29	48
42	-29	48
42	-29	48
42	-29	48
43	-29	49
43	-29	48
43	-29	48
43	-29	49
43	-29	49
44	-30	49
44	-30	49
45	-30	50
45	-30	50
45	-32	51
45	-30	50
44	-28	50
45	-30	51
46	-32	51
46	-30	51
46	-30	51
47	-30	51
47	-30	52
47	-30	51
46	-30	51
48	-30	53
50	-31	55
50	-31	54
46	-29	51
45	-29	51
45	-30	50
45	-29	50
45	-29	50
45	-29	50
45	-29	50
45	-29	50
45	-29	50
44	-29	50
45	-29	50
45	-29	50
45	-30	50
44	-29	49
44	-29	49
44	-29	49
44	-29	49
44	-29	49
45	-27	50
44	-27	50
45	-27	51
46	-27	50
46	-28	50
44	-28	50
44	-28	49
45	-28	49
44	-28	50
43	-27	49
43	-27	48
43	-27	48
43	-27	48
41	-28	48
41	-28	48
41	-28	47
41	-28	47
43	-28	47
41	-27	46
41	-27	46
40	-26	46
41	-27	47
40	-26	46
41	-26	46
41	-26	46
40	-26	46
40	-26	46
41	-26	46
41	-27	47
41	-26	46
40	-26	46
39	-27	45
40	-26	46
41	-27	46
40	-26	46
40	-26	45
40	-28	46
38	-27	45
38	-27	45
39	-27	45
38	-25	44
38	-25	44
37	-25	44
37	-25	44
38	-25	44
37	-24	44
37	-24	44
37	-24	43
37	-24	43
36	-25	43
36	-25	43
37	-29	43
38	-30	44
38	-30	45
38	-30	45
39	-30	45
40	-30	46
40	-30	46
40	-29	46
40	-29	46
40	-29	46
40	-29	46
40	-29	46
41	-30	47
41	-30	47
41	-30	47
41	-31	47
41	-30	47
41	-29	47
41	-29	47
41	-29	47
42	-29	47
45	-30	50
42	-30	48
44	-30	49
46	-30	50
44	-30	49
43	-29	48
43	-29	49
43	-29	49
43	-29	49
43	-29	49
43	-29	49
42	-29	48
42	-29	47
41	-29	47
42	-29	47
42	-29	48
42	-29	47
41	-29	47
42	-29	48
43	-29	48
43	-29	48
43	-29	48
43	-29	48
43	-29	48
44	-29	49
45	-30	50
44	-30	50
45	-31	50
42	-28	48
42	-26	47
45	-28	49
45	-30	50
46	-30	51
45	-30	51
45	-30	51
47	-30	51
46	-30	51
45	-30	50
46	-30	51
47	-30	52
46	-30	51
45	-29	50
44	-29	49
43	-29	49
44	-29	49
43	-29	49
43	-29	49
43	-29	49
43	-29	49
43	-29	49
43	-29	49
44	-29	49
45	-29	49
44	-29	49
43	-28	48
43	-28	48
43	-28	48
43	-28	48
43	-28	49
43	-28	48
49	-28	52
45	-28	51
46	-28	51
43	-27	49
44	-27	49
42	-27	48
45	-28	49
42	-27	48
42	-27	48
42	-27	48
41	-27	47
41	-27	47
40	-27	47
41	-28	47
41	-27	47
41	-28	47
41	-27	46
40	-26	46
41	-26	46
40	-26	46
41	-27	47
41	-26	46
40	-26	46
40	-26	46
40	-26	46
40	-26	46
40	-26	46
41	-26	46
40	-26	46
39	-27	45
40	-26	46
38	-26	45
38	-26	45
38	-26	44
38	-26	44
38	-27	45
38	-27	45
38	-26	44
38	-26	44
37	-25	44
37	-25	44
37	-25	44
37	-25	44
37	-25	44
37	-25	44
36	-24	43
35	-24	42
35	-24	42
34	-25	42
35	-25	42
35	-28	41
36	-29	42
37	-29	43
37	-29	43
38	-29	44
38	-30	44
39	-30	45
39	-29	45
39	-29	45
40	-29	46
40	-29	46
40	-29	46
40	-30	46
40	-30	46
40	-30	46
40	-30	46
40	-30	46
41	-29	47
41	-29	47
41	-29	47
41	-29	47
43	-30	48
43	-30	48
42	-30	48
43	-30	48
43	-30	48
43	-29	48
43	-29	48
43	-29	48
42	-29	48
41	-29	47
42	-29	48
42	-29	48
41	-29	47
40	-29	46
41	-29	47
41	-29	47
41	-29	47
41	-28	47
41	-29	47
42	-29	48
42	-29	48
42	-29	48
42	-29	48
42	-29	48
43	-29	48
44	-30	49
44	-30	49
44	-30	49
40	-26	46
38	-24	45
41	-27	47
45	-30	49
45	-30	50
45	-30	50
45	-30	50
45	-30	50
45	-30	50
44	-30	50
45	-30	50
45	-30	50
44	-30	49
43	-29	49
43	-28	49
43	-28	49
43	-28	49
43	-29	49
43	-29	49
43	-29	49
43	-29	49
43	-28	48
43	-28	48
43	-28	48
43	-28	48
42	-28	48
42	-28	47
42	-28	47
42	-28	47
42	-28	47
42	-28	47
42	-28	48
48	-28	51
43	-28	49
44	-29	49
42	-27	48
42	-27	48
43	-27	48
46	-28	49
41	-27	47
42	-27	48
41	-27	47
41	-26	47
41	-27	47
51	-28	50
43	-27	48
39	-26	45
40	-26	46
39	-26	45
39	-27	45
39	-27	45
40	-26	46
41	-27	47
40	-26	46
40	-26	46
39	-27	45
39	-27	45
40	-26	46
40	-26	46
40	-26	46
40	-26	46
40	-26	46
38	-26	44
38	-26	44
37	-25	43
37	-26	43
37	-26	43
38	-27	43
37	-26	43
37	-26	43
37	-26	43
37	-25	43
36	-24	43
37	-25	43
37	-24	43
36	-24	43
35	-24	42
35	-24	41
34	-24	41
34	-23	41
33	-24	41
34	-25	41
34	-28	41
35	-29	42
36	-29	42
37	-29	43
37	-29	43
37	-29	43
38	-30	44
38	-29	44
38	-28	45
38	-28	45
39	-28	45
39	-28	45
39	-30	45
39	-30	45
40	-30	45
40	-30	45
40	-29	45
41	-31	47
41	-31	47
41	-31	47
41	-31	47
40	-29	46
41	-30	47
42	-30	48
41	-30	47
41	-29	47
42	-29	48
42	-29	48
42	-29	48
41	-29	47
41	-29	47
41	-29	47
41	-29	47
40	-28	46
40	-28	46
40	-28	46
40	-28	46
40	-28	46
41	-28	46
41	-29	47
41	-29	47
40	-29	46
41	-29	47
42	-29	47
42	-29	48
43	-29	48
43	-29	48
43	-30	49
44	-30	50
42	-27	48
39	-24	45
41	-26	47
45	-30	50
45	-30	50
44	-30	50
44	-30	49
44	-30	50
43	-29	49
43	-30	49
43	-30	49
43	-29	48
42	-29	48
42	-28	48
43	-28	48
43	-28	48
42	-28	48
43	-28	49
43	-28	49
43	-28	49
43	-28	49
43	-28	49
42	-28	48
41	-28	47
42	-28	48
41	-28	47
41	-28	46
41	-28	46
41	-28	46
41	-28	46
41	-28	46
41	-28	47
40	-28	47
42	-28	47
42	-28	47
41	-27	47
41	-27	47
42	-27	48
43	-27	48
41	-27	47
41	-27	47
41	-26	47
40	-26	46
40	-26	46
39	-26	45
38	-26	44
38	-26	44
39	-25	45
38	-25	44
39	-27	45
42	-27	46
46	-27	48
40	-26	46
38	-26	45
38	-26	44
38	-26	45
39	-26	45
40	-26	45
38	-26	45
38	-26	45
38	-26	45
38	-26	44
36	-26	43
39	-26	44
37	-25	43
36	-25	43
35	-25	42
36	-27	43
36	-26	42
36	-26	42
36	-25	42
35	-24	43
34	-24	42
36	-24	43
37	-24	43
34	-24	42
35	-24	41
34	-24	41
33	-23	40
32	-23	40
33	-24	40
34	-24	40
31	-24	38
34	-26	41
36	-28	42
37	-29	43
37	-30	43
37	-30	44
37	-29	43
37	-29	43
37	-28	43
38	-29	44
38	-28	45
39	-28	44
40	-29	46
40	-29	46
38	-28	45
38	-28	44
38	-30	45
40	-30	45
40	-31	46
41	-31	47
41	-31	47
40	-28	47
40	-29	46
40	-29	46
41	-28	46
41	-28	46
41	-31	47
41	-31	47
41	-31	47
41	-30	47
40	-28	46
40	-28	46
40	-28	46
40	-28	46
40	-28	46
40	-28	46
40	-28	46
40	-28	46
41	-29	47
40	-27	46
41	-28	46
41	-28	46
41	-28	46
41	-29	47
41	-28	47
42	-29	47
42	-29	48
42	-29	48
43	-29	49
44	-29	49
44	-30	49
43	-30	49
44	-30	49
44	-30	49
44	-30	49
44	-29	49
42	-28	48
42	-29	48
42	-29	48
42	-29	47
41	-29	47
41	-29	47
42	-28	47
42	-28	47
42	-28	47
41	-28	48
42	-28	48
42	-28	48
42	-28	48
41	-27	47
41	-28	47
41	-28	47
41	-28	46
40	-27	46
40	-27	46
40	-28	47
40	-28	47
41	-28	46
41	-28	46
40	-28	47
41	-28	46
41	-28	46
41	-28	46
41	-28	46
41	-26	47
41	-26	47
41	-27	47
41	-27	47
41	-27	47
41	-28	47
41	-28	47
41	-28	46
40	-28	46
39	-25	45
38	-26	44
38	-26	44
39	-27	44
38	-27	45
39	-27	45
39	-27	45
39	-27	45
38	-26	45
37	-25	43
38	-26	44
38	-26	44
37	-26	44
38	-26	44
40	-26	46
38	-26	44
38	-26	44
38	-26	44
37	-26	44
36	-25	43
36	-25	43
35	-24	42
35	-24	42
35	-25	42
36	-26	42
36	-26	42
35	-25	42
35	-25	42
34	-25	42
34	-25	42
34	-25	42
34	-24	42
34	-25	41
33	-24	41
33	-24	40
32	-24	40
32	-23	40
32	-23	40
28	-22	36
32	-24	38
34	-27	40
36	-28	42
36	-29	43
37	-29	43
37	-29	43
36	-29	43
36	-27	43
36	-27	43
37	-28	44
38	-29	44
40	-28	46
39	-28	45
38	-29	44
37	-28	44
38	-29	44
39	-30	45
40	-30	45
40	-30	46
40	-30	46
40	-28	46
40	-28	46
40	-28	46
40	-28	46
40	-28	46
40	-29	46
40	-29	46
40	-29	46
40	-29	46
39	-28	45
40	-28	46
40	-28	46
40	-28	46
40	-28	46
40	-28	46
40	-28	46
40	-28	46
40	-28	46
40	-26	46
40	-27	46
40	-28	46
40	-28	46
40	-28	46
40	-28	46
41	-29	47
41	-29	47
41	-29	47
41	-29	47
42	-29	48
42	-29	48
41	-29	47
42	-29	48
43	-30	48
42	-29	48
42	-28	47
41	-28	47
41	-29	47
41	-29	47
41	-29	47
41	-29	47
41	-29	47
41	-28	47
41	-28	47
41	-28	47
42	-28	48
42	-29	48
42	-28	48
41	-28	47
41	-27	47
41	-27	47
41	-28	47
40	-27	46
40	-27	45
40	-27	45
39	-27	45
40	-27	46
40	-28	46
40	-27	46
40	-27	46
40	-27	45
40	-27	45
40	-27	45
40	-27	45
40	-26	46
40	-26	46
41	-26	47
41	-26	47
40	-26	46
40	-28	46
39	-27	46
40	-27	46
39	-27	45
38	-26	44
38	-25	44
38	-26	44
38	-27	44
37	-26	44
38	-27	45
38	-27	45
38	-27	45
38	-27	45
38	-26	44
37	-26	44
37	-25	43
37	-26	44
37	-26	44
39	-26	45
38	-26	45
38	-26	44
37	-25	43
36	-25	43
36	-25	43
35	-25	42
35	-24	42
35	-24	42
35	-25	42
35	-25	42
35	-25	42
36	-25	42
34	-25	42
34	-24	42
34	-24	42
34	-25	42
34	-25	41
33	-24	41
33	-24	40
32	-24	40
32	-24	39
32	-23	40
32	-23	40
24	-20	32
28	-23	36
32	-26	39
34	-27	41
34	-27	41
36	-28	42
36	-29	43
36	-29	43
36	-27	42
36	-27	43
36	-27	43
37	-28	44
39	-28	45
38	-28	44
37	-28	43
36	-27	43
36	-28	43
38	-29	44
38	-29	45
39	-29	45
39	-29	45
39	-28	45
39	-28	45
39	-28	45
39	-28	45
40	-28	46
40	-28	46
39	-28	45
38	-28	45
38	-28	45
39	-28	45
39	-28	45
40	-28	46
40	-28	46
40	-28	46
40	-28	46
40	-28	46
40	-28	46
39	-28	45
39	-26	45
39	-27	45
38	-28	45
39	-28	45
40	-29	46
40	-28	46
40	-28	46
41	-29	47
41	-29	47
41	-29	47
41	-29	47
41	-29	47
41	-29	47
41	-29	47
41	-30	46
41	-29	47
40	-28	47
40	-27	47
40	-28	46
41	-28	46
42	-28	47
41	-28	46
40	-28	46
40	-27	45
40	-28	46
41	-28	47
41	-28	47
40	-28	47
40	-28	47
40	-28	47
40	-26	46
40	-27	46
40	-28	46
39	-27	46
39	-27	46
39	-27	44
39	-27	45
39	-27	46
40	-27	45
40	-27	45
40	-27	45
39	-27	46
39	-27	46
39	-27	46
39	-27	46
40	-26	46
40	-26	46
41	-26	46
41	-26	46
40	-26	46
39	-27	46
39	-27	45
39	-27	46
39	-27	45
37	-25	44
37	-25	44
38	-26	44
36	-27	43
38	-26	43
37	-26	43
37	-26	43
37	-26	43
37	-26	43
38	-25	44
37	-25	43
36	-26	43
36	-26	43
36	-26	43
36	-25	43
35	-25	42
35	-25	42
36	-25	43
36	-25	42
35	-25	42
34	-25	42
34	-24	41
34	-24	41
34	-24	41
34	-24	42
34	-24	42
35	-24	42
34	-24	40
33	-24	40
33	-24	40
33	-24	40
33	-24	40
32	-24	40
32	-24	39
32	-23	40
31	-23	39
31	-23	39
31	-22	38
