61	-15	41
59	-16	43
59	-18	44
58	-18	46
57	-18	47
57	-20	48
57	-20	48
58	-20	48
58	-20	48
59	-20	48
58	-21	49
57	-21	49
58	-22	49
58	-22	49
58	-23	50
57	-23	50
57	-23	50
57	-23	50
57	-24	49
57	-24	49
57	-22	48
57	-23	48
57	-23	48
58	-22	48
59	-22	48
60	-22	46
63	-21	44
63	-18	42
64	-18	42
64	-18	41
63	-17	41
63	-17	41
63	-17	41
63	-17	41
63	-18	41
61	-18	42
61	-20	43
60	-20	45
60	-22	46
60	-23	48
60	-24	48
60	-24	49
59	-25	51
59	-25	52
61	-26	52
61	-26	52
60	-26	52
60	-26	52
62	-27	52
62	-27	52
61	-27	53
61	-27	53
61	-27	53
60	-27	53
60	-27	54
61	-28	54
61	-27	54
61	-27	53
62	-28	53
61	-28	53
61	-28	53
61	-28	53
61	-28	53
61	-28	53
60	-28	52
60	-28	52
59	-28	52
60	-28	52
61	-28	52
61	-28	52
60	-28	52
59	-28	52
60	-28	52
61	-29	54
61	-28	53
63	-28	54
64	-28	54
64	-28	54
64	-29	54
64	-29	54
65	-28	53
66	-28	54
66	-28	53
68	-28	54
66	-28	54
67	-28	55
69	-28	55
70	-28	55
71	-27	55
71	-27	55
70	-28	55
59	-16	43
58	-16	44
58	-18	46
57	-18	47
57	-19	48
57	-19	48
58	-20	48
58	-20	50
58	-20	49
59	-20	48
59	-21	49
58	-21	49
58	-22	49
58	-22	49
58	-23	50
56	-23	50
56	-23	50
57	-23	50
56	-24	49
56	-24	49
57	-23	48
58	-22	47
58	-22	47
58	-22	46
60	-22	46
61	-21	45
63	-19	43
63	-18	42
64	-18	41
63	-18	41
62	-17	41
62	-17	41
62	-17	41
62	-18	42
61	-19	43
60	-19	44
59	-20	45
59	-21	47
59	-22	48
60	-23	50
60	-24	49
60	-25	51
59	-25	52
59	-25	52
59	-26	52
60	-26	52
60	-26	52
60	-26	52
61	-27	52
61	-27	52
61	-27	52
62	-27	53
62	-27	53
62	-27	53
61	-27	53
62	-27	54
61	-27	54
60	-27	54
62	-28	53
62	-28	53
61	-28	53
60	-28	53
60	-28	53
60	-28	53
59	-28	52
58	-28	52
60	-28	52
60	-28	52
60	-28	52
60	-28	52
59	-28	52
59	-28	52
61	-28	52
63	-28	52
61	-28	53
63	-28	54
64	-28	54
64	-28	54
64	-29	54
64	-29	54
64	-28	54
65	-28	54
67	-28	54
68	-28	54
67	-28	55
67	-28	55
69	-28	55
69	-28	55
70	-27	55
69	-27	55
70	-28	55
58	-16	44
57	-16	45
57	-18	47
57	-19	48
57	-19	48
58	-19	49
58	-19	49
58	-19	50
58	-20	50
59	-20	50
58	-21	49
57	-21	49
57	-22	50
57	-22	50
56	-22	49
56	-22	50
56	-22	49
57	-22	48
56	-22	48
56	-22	48
57	-22	47
58	-22	47
58	-21	46
58	-20	45
60	-20	45
62	-20	44
63	-18	42
63	-18	41
63	-18	41
62	-18	41
61	-18	42
61	-18	42
61	-18	42
60	-18	43
60	-19	44
60	-20	46
58	-21	47
59	-22	49
59	-23	50
60	-24	51
60	-25	51
60	-25	52
60	-25	53
58	-25	53
59	-26	53
60	-26	52
59	-26	52
60	-26	52
60	-26	52
60	-25	52
62	-26	52
63	-27	52
62	-27	52
62	-27	53
62	-27	53
62	-27	53
61	-28	54
60	-27	54
61	-28	53
61	-28	52
61	-28	52
59	-28	52
58	-28	52
58	-28	52
58	-28	52
58	-28	52
60	-28	52
60	-27	52
60	-27	52
60	-27	52
59	-28	52
59	-28	52
61	-28	52
62	-28	52
62	-29	53
63	-29	53
63	-29	53
64	-29	53
64	-28	53
64	-28	53
64	-28	54
65	-28	54
67	-29	55
69	-29	55
67	-28	55
67	-28	55
69	-28	55
69	-28	55
69	-28	55
69	-28	55
69	-28	57
57	-16	45
56	-17	46
57	-19	48
58	-19	48
58	-19	49
58	-19	49
58	-19	50
58	-19	50
58	-20	50
58	-20	50
58	-21	49
57	-21	49
56	-22	49
56	-22	49
56	-22	50
55	-22	49
55	-22	49
56	-23	49
57	-23	48
57	-22	48
57	-22	47
58	-22	46
58	-20	45
59	-21	45
60	-20	44
62	-20	43
61	-18	42
62	-18	42
61	-18	41
61	-18	42
61	-18	42
61	-18	43
60	-18	43
60	-18	44
59	-20	46
58	-20	47
58	-22	49
59	-22	50
59	-23	51
60	-24	52
60	-25	53
59	-26	53
60	-25	54
58	-25	53
58	-26	53
60	-26	52
60	-25	52
60	-25	52
60	-26	52
60	-25	52
63	-26	51
63	-26	52
61	-26	52
60	-26	52
60	-26	52
60	-27	53
60	-27	53
59	-27	53
59	-28	52
60	-28	52
60	-28	52
58	-28	52
57	-28	52
57	-28	52
58	-28	52
58	-28	52
60	-27	52
60	-27	52
60	-27	52
60	-27	52
60	-28	52
58	-28	52
59	-28	52
60	-28	52
63	-28	52
63	-29	53
63	-28	52
63	-29	53
63	-28	53
63	-28	53
64	-28	53
64	-28	54
65	-28	54
67	-29	55
67	-28	55
68	-28	55
69	-28	55
69	-28	55
69	-28	55
69	-28	55
68	-28	57
57	-17	46
56	-17	48
57	-19	48
57	-19	48
58	-19	49
58	-19	49
58	-19	50
58	-20	50
58	-20	50
58	-20	50
58	-21	49
56	-21	49
55	-22	49
56	-22	49
56	-22	49
56	-22	49
55	-22	48
55	-22	48
56	-21	47
57	-21	47
57	-21	46
57	-21	46
58	-20	45
60	-19	44
61	-19	44
61	-19	44
61	-18	43
61	-18	43
61	-18	42
61	-18	43
61	-18	43
60	-18	44
60	-20	45
59	-20	46
57	-20	47
59	-21	48
59	-22	50
58	-22	51
60	-24	52
60	-24	53
59	-26	53
60	-26	54
59	-25	53
60	-25	53
60	-25	52
59	-25	52
58	-25	52
60	-25	51
59	-25	50
58	-25	51
59	-25	50
58	-25	51
58	-26	51
58	-26	52
59	-27	52
59	-27	53
60	-27	53
60	-27	53
60	-28	52
59	-28	52
58	-28	52
57	-28	52
56	-27	51
57	-27	51
58	-27	52
60	-28	52
60	-27	52
59	-27	52
59	-27	52
59	-27	52
59	-28	52
59	-28	52
59	-28	52
59	-28	52
61	-28	52
62	-28	52
61	-28	52
61	-28	52
63	-28	52
65	-28	53
65	-28	53
63	-28	54
65	-28	54
66	-27	54
67	-28	54
67	-28	55
67	-28	55
68	-28	55
70	-28	55
71	-28	55
67	-28	57
57	-17	47
56	-17	48
57	-19	48
58	-19	48
58	-19	49
58	-19	49
58	-19	49
58	-19	49
58	-20	50
57	-20	48
57	-21	49
56	-20	49
56	-22	49
56	-22	49
56	-22	49
56	-22	49
55	-22	48
55	-22	48
56	-21	47
57	-21	47
57	-21	46
58	-21	46
59	-20	45
60	-19	44
61	-19	44
61	-19	44
60	-18	44
60	-18	44
60	-18	44
60	-18	44
60	-18	44
60	-19	45
60	-20	46
59	-20	47
57	-20	48
59	-21	49
59	-22	50
58	-23	51
60	-24	52
59	-24	53
58	-25	53
58	-25	53
58	-25	53
59	-26	53
59	-25	52
59	-25	52
58	-25	51
59	-25	51
58	-25	50
58	-25	50
57	-25	50
56	-25	50
57	-26	51
58	-26	51
58	-26	52
58	-27	52
58	-27	52
58	-27	53
59	-28	52
59	-28	52
58	-28	52
57	-28	52
57	-27	52
58	-27	52
59	-27	52
59	-27	52
59	-27	52
58	-27	52
58	-27	52
59	-27	52
59	-28	52
59	-28	52
59	-28	52
60	-28	52
61	-28	52
61	-28	52
61	-28	52
61	-28	52
63	-28	53
65	-28	53
65	-28	53
64	-28	53
63	-27	53
65	-27	54
66	-28	54
67	-28	54
67	-28	55
67	-28	55
69	-28	55
69	-28	55
68	-28	57
56	-17	48
57	-17	48
56	-19	48
57	-19	48
58	-19	48
58	-19	48
58	-20	48
58	-20	48
57	-20	48
56	-20	48
56	-20	49
57	-20	49
56	-20	49
56	-21	49
56	-21	48
56	-21	48
56	-21	48
56	-21	48
56	-20	47
57	-20	47
58	-20	46
58	-20	46
59	-19	45
60	-19	45
60	-18	44
60	-18	44
58	-18	44
59	-19	45
59	-19	45
59	-19	46
60	-20	46
59	-20	47
58	-20	47
58	-21	48
58	-22	49
59	-22	50
59	-22	50
59	-23	51
60	-24	52
59	-24	53
57	-24	53
57	-24	53
58	-25	52
58	-25	52
59	-25	52
59	-25	52
59	-25	51
58	-25	51
58	-24	49
57	-24	50
57	-25	50
56	-25	50
57	-26	51
58	-26	51
58	-26	52
58	-27	52
58	-28	52
58	-28	52
58	-28	52
59	-28	52
59	-28	52
57	-28	52
58	-27	52
59	-27	52
59	-27	52
58	-27	52
58	-27	52
58	-27	52
59	-27	52
59	-27	52
59	-28	52
59	-28	52
59	-28	52
60	-28	52
60	-28	51
61	-28	51
61	-28	52
61	-28	52
62	-28	52
65	-28	52
64	-27	52
63	-27	53
62	-27	53
64	-27	53
66	-28	54
67	-28	54
67	-28	54
67	-28	54
68	-28	54
68	-28	55
69	-28	57
57	-17	48
57	-17	48
56	-19	48
57	-19	48
58	-19	48
58	-20	48
58	-20	48
58	-19	48
57	-20	48
56	-19	48
56	-20	48
57	-21	49
57	-21	49
56	-20	49
56	-21	48
56	-21	48
56	-21	48
56	-21	48
56	-20	47
56	-20	47
57	-20	46
58	-20	46
59	-19	45
60	-19	45
59	-18	44
59	-19	45
58	-19	46
58	-19	46
58	-19	47
58	-19	47
58	-20	47
58	-21	48
57	-20	48
57	-20	49
58	-22	49
59	-22	50
59	-22	50
59	-22	50
60	-24	51
59	-24	52
58	-24	52
57	-24	52
58	-25	52
58	-25	52
59	-25	52
60	-25	51
60	-25	51
58	-25	51
58	-25	51
58	-25	51
58	-25	51
58	-25	51
58	-25	51
59	-26	52
59	-26	52
59	-27	52
58	-28	52
58	-28	52
58	-28	52
58	-28	52
58	-28	52
58	-28	52
59	-27	52
60	-27	52
59	-27	52
57	-27	51
58	-27	52
59	-27	52
59	-27	52
60	-27	52
59	-28	52
58	-28	52
59	-28	52
60	-28	52
60	-28	51
61	-28	52
61	-28	52
60	-28	52
61	-28	52
63	-28	52
62	-27	52
61	-27	53
63	-27	53
65	-27	53
66	-28	54
67	-28	54
67	-28	54
67	-28	54
68	-28	54
68	-28	55
68	-28	56
57	-17	48
57	-17	48
56	-19	48
57	-19	48
58	-20	48
58	-19	48
57	-20	48
57	-20	47
56	-20	47
56	-20	47
56	-20	47
58	-20	48
58	-20	48
57	-20	48
56	-21	48
56	-21	48
56	-20	48
56	-21	48
56	-21	48
56	-20	48
57	-19	47
58	-19	47
58	-18	46
59	-18	46
58	-18	45
58	-18	46
58	-19	47
58	-20	48
58	-19	48
58	-20	48
58	-21	48
58	-21	49
57	-21	49
57	-21	49
58	-22	49
58	-22	49
59	-22	50
60	-22	50
60	-23	51
59	-23	51
59	-23	51
58	-23	51
59	-25	52
58	-25	52
59	-25	52
60	-25	51
60	-25	51
59	-25	52
58	-25	52
59	-25	52
59	-25	52
58	-26	52
58	-26	52
59	-27	52
59	-27	52
58	-28	52
58	-28	52
58	-28	53
59	-28	52
58	-28	52
58	-28	52
58	-28	52
59	-28	52
59	-28	52
58	-27	52
58	-27	52
59	-27	52
59	-27	52
60	-27	52
60	-28	52
60	-28	52
59	-28	52
59	-28	52
60	-28	52
61	-30	52
61	-29	52
61	-28	52
61	-28	52
61	-28	52
63	-28	53
62	-27	53
62	-27	54
63	-27	54
64	-27	54
65	-27	54
66	-28	54
66	-27	54
67	-28	54
68	-28	54
68	-28	55
67	-28	55
57	-17	48
57	-17	48
58	-19	48
58	-19	48
58	-20	48
57	-19	47
56	-20	47
56	-20	46
56	-20	46
56	-20	46
57	-20	47
57	-20	47
57	-20	48
57	-20	48
56	-21	48
55	-22	48
55	-21	48
55	-21	48
55	-21	48
56	-20	48
57	-19	47
58	-19	47
58	-18	46
58	-18	46
58	-18	46
57	-18	47
56	-19	48
57	-20	50
57	-20	48
58	-20	50
58	-21	49
58	-21	49
58	-21	49
57	-21	49
57	-22	50
57	-22	50
60	-22	50
61	-22	50
60	-23	51
59	-23	51
60	-23	50
60	-23	51
59	-25	52
59	-25	52
59	-25	52
60	-25	51
60	-25	51
59	-25	52
59	-25	52
60	-25	53
59	-26	53
58	-25	53
58	-26	53
59	-27	53
59	-27	52
59	-28	53
58	-28	53
58	-28	53
60	-28	52
58	-28	52
58	-28	52
59	-28	52
59	-28	52
58	-28	52
58	-27	52
58	-27	52
59	-27	52
59	-27	52
60	-27	52
60	-28	52
60	-28	52
60	-28	52
60	-28	52
61	-28	52
61	-29	52
62	-30	52
62	-28	52
62	-29	53
62	-28	53
63	-28	54
63	-27	54
63	-27	54
63	-28	54
64	-27	54
65	-27	54
65	-27	54
66	-27	54
67	-28	54
69	-27	54
69	-28	54
69	-28	55
58	-17	48
58	-17	48
58	-19	48
58	-19	48
58	-19	47
56	-19	46
56	-20	46
56	-20	45
56	-20	45
56	-20	45
57	-20	46
56	-20	47
56	-20	47
56	-20	47
56	-20	47
54	-20	47
54	-20	48
54	-20	48
55	-20	48
56	-20	48
57	-20	48
58	-19	48
58	-18	47
58	-18	47
57	-17	47
56	-19	48
56	-20	48
56	-20	50
57	-20	50
57	-20	50
58	-21	49
58	-21	51
58	-21	51
58	-21	51
57	-22	50
58	-22	50
61	-22	49
62	-22	50
60	-23	50
60	-23	50
60	-23	49
60	-23	50
59	-25	51
59	-25	52
59	-25	52
59	-25	52
60	-24	52
60	-24	53
60	-24	53
60	-24	53
60	-25	54
59	-25	54
60	-26	54
60	-27	54
60	-27	53
60	-28	54
59	-28	54
59	-28	53
60	-28	52
60	-28	52
60	-28	52
59	-28	52
59	-28	52
59	-28	52
58	-28	52
58	-28	52
59	-28	52
59	-28	52
59	-27	52
60	-27	52
60	-28	52
60	-28	52
61	-28	52
62	-28	52
61	-30	53
62	-30	52
62	-28	52
62	-29	53
62	-28	53
63	-28	54
64	-27	54
65	-28	55
65	-28	55
66	-28	55
66	-28	55
67	-28	55
67	-28	55
68	-28	55
69	-28	54
70	-28	54
69	-28	55
58	-17	48
58	-19	47
58	-18	47
58	-19	47
58	-19	46
56	-19	46
56	-20	45
56	-20	45
58	-20	45
58	-20	45
57	-20	46
56	-20	47
56	-20	47
56	-20	47
56	-20	47
54	-20	48
54	-20	48
54	-20	48
54	-20	48
56	-21	48
56	-19	48
57	-20	48
57	-19	48
57	-19	48
56	-17	47
55	-19	48
56	-19	49
56	-20	50
56	-20	50
57	-20	50
58	-21	51
58	-21	51
58	-21	49
58	-21	51
58	-22	49
58	-22	49
62	-22	50
64	-23	50
61	-23	50
60	-23	50
61	-23	50
60	-23	50
60	-25	51
60	-25	51
60	-25	52
60	-25	52
60	-24	52
60	-24	53
61	-24	53
61	-24	53
60	-26	54
60	-25	54
60	-26	53
61	-26	53
61	-27	53
60	-28	54
58	-28	53
58	-28	53
59	-28	52
61	-28	52
61	-28	52
60	-28	52
58	-28	52
59	-28	52
59	-28	52
58	-28	53
59	-28	52
59	-28	52
60	-28	52
60	-27	52
60	-28	52
60	-28	52
61	-28	52
62	-28	52
63	-30	52
63	-30	52
63	-29	53
62	-29	54
62	-28	54
63	-28	54
65	-28	54
66	-28	55
66	-28	55
67	-28	55
68	-28	55
67	-28	55
68	-28	55
68	-28	55
69	-28	54
69	-28	54
69	-28	55
58	-17	47
59	-18	46
58	-18	46
58	-19	46
58	-19	45
58	-18	45
58	-19	46
59	-19	46
58	-19	46
58	-19	46
57	-19	46
56	-19	46
56	-20	47
56	-20	47
55	-21	48
54	-20	48
54	-20	48
55	-20	49
54	-21	49
55	-20	49
56	-20	48
57	-20	48
57	-19	48
56	-19	48
55	-17	48
55	-19	48
56	-19	49
57	-20	50
58	-20	50
58	-20	50
58	-21	49
58	-21	49
59	-21	49
59	-21	49
58	-22	49
60	-22	50
61	-23	50
62	-23	50
62	-23	50
62	-25	51
61	-25	51
60	-25	51
59	-25	52
60	-25	51
60	-25	51
60	-25	51
60	-25	51
61	-25	52
61	-25	52
61	-25	52
62	-25	52
61	-25	52
61	-26	52
60	-26	52
61	-27	52
60	-27	53
59	-27	52
58	-27	52
59	-28	52
59	-27	52
59	-28	52
58	-28	52
58	-28	53
60	-28	53
60	-28	53
60	-28	54
60	-28	53
60	-28	53
60	-29	53
60	-28	52
60	-28	52
61	-28	52
61	-28	51
61	-28	52
62	-28	52
63	-29	53
63	-29	53
63	-29	53
63	-28	53
64	-28	53
64	-28	53
66	-28	54
67	-28	54
67	-28	54
67	-28	54
69	-28	54
69	-28	54
70	-28	54
70	-28	54
69	-28	54
69	-28	54
58	-18	46
58	-18	46
58	-19	45
58	-19	45
58	-19	45
58	-19	45
58	-19	46
59	-19	46
58	-18	46
58	-18	46
57	-19	46
56	-19	46
56	-20	47
55	-20	47
55	-20	48
54	-20	48
54	-20	48
54	-21	49
54	-20	49
55	-20	49
56	-20	48
56	-20	48
56	-19	48
55	-19	48
56	-18	49
56	-19	48
56	-19	49
58	-20	50
58	-20	50
58	-20	50
58	-21	49
58	-21	49
58	-21	49
58	-21	49
59	-22	49
60	-22	49
61	-23	50
61	-23	50
61	-25	51
61	-25	51
61	-25	51
61	-25	52
60	-25	51
61	-25	51
61	-25	51
61	-25	52
61	-25	51
62	-25	52
62	-25	51
61	-25	52
62	-25	51
61	-25	52
61	-26	52
61	-26	52
61	-27	52
60	-27	52
60	-27	52
59	-27	52
59	-27	52
59	-27	52
58	-28	52
58	-28	52
59	-28	53
60	-28	53
60	-28	54
60	-28	54
61	-28	54
61	-28	54
61	-29	53
61	-29	53
61	-28	52
62	-28	52
62	-28	51
63	-28	52
62	-28	52
63	-29	53
63	-29	53
63	-29	53
64	-28	53
64	-28	53
65	-28	53
65	-28	53
69	-28	54
68	-28	54
69	-28	54
69	-28	54
69	-28	54
70	-28	54
70	-28	54
69	-28	54
71	-28	54
58	-18	46
58	-18	46
58	-18	45
58	-19	45
59	-19	45
59	-19	45
59	-19	45
59	-19	45
58	-18	46
58	-18	46
57	-19	46
56	-19	46
56	-20	47
55	-20	47
54	-20	48
54	-20	48
53	-20	48
54	-20	49
54	-20	48
54	-21	49
55	-20	48
56	-20	48
55	-19	48
55	-19	48
56	-18	49
57	-19	48
58	-19	49
59	-20	50
59	-20	48
59	-20	48
59	-20	48
58	-20	49
58	-21	49
58	-21	49
60	-22	49
60	-22	49
60	-23	50
60	-23	50
61	-23	51
61	-23	51
61	-25	51
61	-25	52
60	-25	51
61	-25	51
61	-25	51
61	-25	52
61	-25	51
62	-25	51
63	-25	51
62	-25	51
62	-25	51
62	-25	51
62	-26	52
61	-26	52
61	-27	52
60	-27	52
60	-26	52
60	-27	52
59	-27	52
59	-27	52
59	-28	52
59	-28	52
60	-28	53
61	-28	53
61	-28	54
60	-28	54
61	-28	54
61	-28	54
61	-28	53
62	-28	53
62	-28	52
63	-28	52
64	-28	52
64	-28	52
63	-28	52
63	-29	53
63	-29	53
63	-29	53
65	-28	53
65	-28	53
65	-28	53
66	-28	53
70	-28	53
69	-28	53
69	-28	53
70	-28	53
69	-28	53
70	-28	53
70	-28	54
70	-28	54
72	-27	53
58	-18	46
58	-18	46
57	-19	45
58	-19	45
59	-19	45
59	-19	45
59	-19	45
58	-19	45
58	-18	46
58	-18	46
58	-19	46
57	-19	46
56	-20	47
55	-20	47
54	-20	48
54	-20	48
54	-20	48
54	-20	49
54	-20	49
54	-21	49
54	-20	49
55	-20	48
55	-19	48
55	-19	48
56	-18	48
57	-18	49
58	-19	48
59	-20	49
60	-20	48
60	-20	48
60	-20	48
60	-20	48
60	-21	48
60	-21	48
60	-22	49
60	-22	49
60	-23	50
60	-23	50
60	-23	51
61	-23	51
61	-25	51
60	-25	51
60	-25	51
61	-25	52
61	-25	52
60	-25	51
61	-25	51
62	-25	51
63	-25	51
63	-25	51
62	-25	51
62	-25	51
62	-26	52
61	-26	52
60	-27	52
60	-27	52
60	-27	52
60	-27	52
60	-28	52
61	-27	52
61	-28	52
60	-28	52
61	-28	53
62	-28	53
62	-28	54
62	-28	54
62	-28	54
62	-28	54
62	-28	53
62	-28	53
63	-28	52
63	-28	52
64	-29	52
65	-28	52
63	-28	52
64	-29	53
63	-29	53
64	-29	53
65	-28	53
66	-28	53
66	-28	53
67	-28	53
69	-28	53
69	-28	53
70	-28	53
70	-28	53
70	-28	53
70	-28	53
71	-28	54
71	-28	54
72	-27	53
58	-18	47
57	-18	47
57	-18	46
59	-18	46
60	-19	45
59	-19	45
59	-19	45
58	-19	45
58	-18	45
57	-18	45
58	-19	46
57	-19	46
56	-20	47
55	-20	47
54	-20	48
54	-20	48
54	-20	48
54	-20	48
54	-20	48
54	-20	48
54	-18	48
54	-19	48
55	-19	48
55	-19	48
56	-17	48
57	-18	48
58	-19	48
58	-19	48
60	-20	48
60	-20	48
60	-20	48
60	-20	48
60	-21	49
60	-21	48
60	-22	49
60	-22	50
60	-23	50
60	-23	51
61	-23	51
61	-24	51
60	-23	51
60	-24	51
60	-25	51
61	-25	52
61	-25	51
60	-25	51
61	-23	51
63	-23	51
64	-25	51
64	-25	51
63	-25	51
63	-25	51
63	-26	52
61	-26	52
60	-26	51
60	-26	51
61	-27	52
61	-27	52
61	-27	52
62	-27	52
62	-28	52
62	-28	52
61	-28	53
62	-28	53
63	-28	54
63	-28	54
62	-28	54
62	-28	54
62	-28	53
63	-28	53
63	-28	52
63	-28	52
64	-29	52
65	-28	52
64	-28	52
64	-28	52
64	-28	52
64	-28	52
66	-28	52
67	-28	52
67	-28	52
69	-28	52
69	-28	53
69	-28	53
70	-28	53
70	-28	53
70	-28	53
71	-28	53
72	-28	53
72	-28	53
72	-27	52
57	-17	47
57	-18	47
58	-18	46
59	-18	46
60	-19	45
59	-19	45
59	-19	45
58	-19	45
58	-18	45
57	-18	45
57	-19	46
56	-19	46
54	-20	47
54	-20	47
54	-20	48
53	-20	48
54	-20	48
54	-20	48
54	-20	48
54	-20	48
54	-18	48
54	-19	48
55	-19	48
56	-19	48
57	-17	48
57	-17	48
58	-19	48
59	-19	48
60	-20	48
61	-20	48
61	-20	48
60	-20	48
60	-21	49
60	-21	48
60	-22	50
61	-22	49
61	-22	50
61	-23	51
61	-24	51
61	-24	51
60	-23	51
60	-24	51
60	-25	51
60	-25	51
61	-25	51
60	-25	51
61	-23	51
63	-23	50
63	-25	51
63	-25	51
63	-25	51
63	-25	51
63	-26	52
61	-26	52
60	-26	51
61	-26	52
61	-27	52
61	-27	52
61	-27	52
62	-27	52
62	-28	52
62	-28	52
61	-28	53
62	-28	53
63	-28	54
63	-28	54
62	-28	54
63	-28	54
63	-28	53
63	-28	53
63	-28	52
63	-28	52
64	-29	52
65	-28	52
65	-28	52
65	-29	52
65	-29	52
65	-29	52
67	-28	52
67	-28	52
68	-28	52
69	-28	52
69	-28	53
69	-28	53
70	-28	53
71	-28	53
70	-28	53
71	-28	53
72	-28	53
72	-28	53
73	-27	52
57	-17	47
58	-17	47
59	-18	46
59	-18	46
59	-18	45
58	-18	45
58	-17	44
58	-17	44
57	-18	44
57	-19	45
56	-19	46
54	-19	46
53	-19	47
52	-19	47
52	-19	47
52	-19	47
53	-19	48
54	-20	48
54	-18	48
54	-19	48
54	-18	48
55	-19	48
56	-19	48
57	-19	48
58	-17	48
58	-17	48
60	-19	48
60	-19	48
61	-19	48
61	-19	48
62	-20	48
61	-20	48
60	-21	49
60	-21	49
60	-21	49
61	-22	50
61	-22	50
61	-22	50
60	-23	51
60	-23	51
60	-23	51
60	-23	51
59	-23	51
60	-23	50
60	-23	51
60	-23	50
61	-23	50
62	-23	50
63	-23	50
63	-23	50
63	-25	51
63	-25	51
62	-25	51
60	-25	51
60	-26	51
61	-26	52
61	-26	52
61	-26	52
61	-26	52
61	-26	52
61	-27	52
61	-27	52
62	-28	53
63	-28	53
63	-28	53
63	-28	53
63	-28	53
63	-28	53
63	-28	53
63	-28	53
63	-28	53
63	-28	52
65	-28	52
65	-28	53
65	-29	52
66	-28	52
66	-28	52
66	-28	52
67	-28	52
67	-28	52
67	-28	52
69	-28	52
69	-28	52
70	-28	52
71	-28	52
72	-28	52
71	-28	53
71	-28	53
72	-28	53
72	-28	53
74	-27	52
58	-17	47
59	-17	47
59	-18	46
59	-18	46
58	-18	45
57	-18	45
57	-17	44
58	-18	44
57	-18	44
56	-19	45
55	-19	45
54	-19	46
52	-19	47
52	-19	47
52	-19	47
52	-19	47
53	-19	48
54	-20	48
53	-19	48
54	-19	48
55	-19	48
55	-19	48
56	-19	48
58	-19	48
59	-17	48
59	-17	48
60	-19	48
60	-19	48
61	-19	48
62	-19	48
62	-20	48
62	-20	48
61	-20	48
60	-21	49
60	-21	49
61	-21	49
61	-22	50
60	-22	50
60	-24	51
60	-24	51
60	-23	51
60	-23	51
60	-23	51
61	-23	51
61	-23	51
61	-23	51
61	-23	50
63	-23	50
63	-23	50
63	-23	50
63	-25	51
63	-25	51
62	-25	51
60	-25	51
60	-26	51
61	-26	52
61	-26	52
61	-26	52
61	-26	52
61	-26	52
61	-27	52
61	-27	52
63	-28	52
64	-28	53
64	-28	53
63	-28	53
63	-28	53
64	-28	53
64	-28	53
64	-28	53
63	-28	52
64	-28	53
65	-28	53
65	-28	53
65	-29	52
67	-28	52
67	-29	52
67	-29	52
67	-28	52
67	-28	52
67	-28	52
67	-28	52
69	-28	52
70	-28	52
71	-28	52
72	-28	52
71	-28	53
71	-28	53
72	-28	53
72	-28	52
74	-26	51
59	-17	47
58	-17	47
58	-17	46
58	-17	46
58	-18	45
58	-18	45
58	-18	45
58	-18	45
57	-18	44
55	-19	45
54	-19	45
54	-19	46
53	-19	47
52	-19	47
52	-19	47
52	-19	47
52	-18	48
53	-19	48
54	-19	48
54	-18	48
55	-17	48
56	-17	48
57	-17	47
58	-17	47
59	-17	47
60	-17	47
60	-18	48
60	-18	48
60	-19	48
61	-19	48
61	-19	48
60	-20	48
60	-20	50
61	-20	50
61	-21	49
61	-21	51
61	-22	50
61	-22	50
60	-22	50
61	-22	50
61	-23	51
60	-23	51
61	-23	51
61	-23	51
62	-23	50
62	-23	50
63	-23	50
64	-23	50
63	-23	50
63	-23	50
63	-24	50
63	-24	50
61	-25	50
61	-25	51
61	-26	51
61	-26	51
61	-26	52
61	-26	52
61	-26	52
61	-26	52
61	-26	52
61	-27	52
62	-27	52
62	-27	52
63	-28	53
63	-28	52
63	-28	53
63	-28	53
64	-28	53
65	-28	53
65	-28	53
64	-28	52
64	-28	52
65	-28	53
65	-29	52
66	-28	52
67	-29	52
67	-28	52
67	-28	52
67	-28	52
67	-28	52
68	-28	52
68	-28	52
70	-28	52
71	-28	52
71	-28	52
71	-28	53
71	-28	53
72	-28	53
71	-28	52
72	-26	51
59	-17	47
58	-17	47
59	-17	46
59	-17	46
59	-18	45
58	-18	45
58	-18	45
58	-18	45
56	-18	44
55	-19	45
53	-19	46
52	-19	46
52	-19	47
51	-19	47
52	-19	47
52	-19	47
54	-18	48
54	-19	48
54	-19	48
55	-19	48
56	-17	48
57	-17	48
58	-17	47
60	-17	47
60	-17	47
60	-17	47
60	-17	48
60	-17	48
61	-19	48
61	-19	48
61	-19	48
60	-19	48
60	-21	50
61	-20	49
61	-22	50
61	-21	51
61	-22	50
61	-22	50
61	-22	50
61	-22	50
61	-23	51
61	-23	51
61	-23	51
61	-23	51
62	-23	50
63	-23	50
65	-23	50
65	-23	50
65	-23	50
64	-23	50
63	-24	50
63	-24	50
61	-25	50
60	-25	50
60	-26	51
60	-26	51
61	-26	52
61	-26	52
61	-26	52
61	-26	52
61	-26	52
61	-26	52
62	-26	52
63	-27	52
65	-28	52
65	-28	53
64	-28	52
64	-28	53
65	-28	53
65	-28	53
65	-28	53
64	-28	52
65	-28	52
65	-28	53
65	-28	52
65	-29	52
66	-28	52
67	-29	52
67	-28	52
68	-28	52
68	-28	52
68	-28	52
69	-28	52
70	-28	52
70	-28	52
71	-28	52
71	-28	53
72	-28	53
72	-28	53
72	-28	52
72	-26	51
58	-16	47
57	-16	47
58	-17	47
59	-17	47
59	-18	46
59	-18	46
58	-18	45
57	-18	45
56	-19	45
55	-19	45
53	-19	46
52	-19	46
52	-19	46
52	-19	46
52	-18	47
54	-18	47
55	-17	47
55	-17	47
54	-17	47
55	-17	47
57	-17	47
58	-17	47
59	-17	47
60	-17	47
61	-17	46
61	-17	47
61	-18	48
60	-17	48
61	-18	48
62	-18	48
61	-19	48
61	-20	49
61	-20	50
61	-20	49
61	-21	51
62	-22	51
62	-22	51
61	-21	51
61	-22	50
61	-22	50
61	-22	50
61	-22	49
61	-23	50
61	-23	50
63	-22	50
64	-22	49
66	-22	49
66	-22	48
65	-23	48
64	-23	49
64	-24	49
63	-24	49
61	-25	50
60	-25	50
60	-26	51
61	-26	51
61	-26	51
62	-26	51
61	-26	51
61	-26	51
61	-26	51
62	-26	52
63	-26	52
64	-26	52
65	-26	52
65	-27	52
64	-28	52
64	-28	52
65	-28	52
65	-28	53
65	-28	53
65	-28	52
65	-28	53
65	-28	53
65	-29	52
65	-29	52
65	-29	52
67	-29	52
68	-28	52
68	-28	52
68	-28	52
67	-28	52
70	-28	53
70	-28	53
71	-28	53
71	-28	53
71	-28	53
72	-28	53
72	-28	53
72	-28	52
72	-28	51
58	-16	47
57	-16	47
58	-17	47
59	-17	47
60	-17	46
59	-18	46
58	-18	45
57	-18	45
56	-19	45
55	-19	45
54	-19	46
53	-19	46
52	-19	46
52	-19	46
53	-18	47
55	-19	47
56	-17	47
56	-17	47
55	-17	47
56	-17	47
58	-17	47
59	-17	47
60	-17	47
60	-17	47
60	-17	46
60	-17	47
60	-17	48
61	-18	48
61	-18	48
61	-18	48
61	-19	49
60	-20	49
61	-20	50
61	-20	49
61	-21	50
61	-21	51
61	-21	51
61	-21	51
61	-22	50
61	-22	50
61	-22	50
61	-22	50
61	-23	50
63	-23	50
63	-22	49
65	-22	49
66	-22	49
66	-22	48
65	-23	48
64	-23	48
64	-24	49
63	-24	49
61	-25	50
60	-25	50
61	-26	50
62	-26	51
62	-26	51
62	-26	51
62	-26	51
62	-26	51
61	-26	51
62	-26	51
63	-26	52
64	-26	52
64	-26	52
64	-26	52
64	-27	52
65	-28	52
65	-28	53
65	-28	53
65	-28	53
65	-28	53
65	-28	53
65	-28	53
67	-29	52
67	-29	52
66	-28	52
67	-28	52
67	-28	52
68	-28	52
68	-28	52
67	-28	52
70	-28	53
70	-28	53
72	-28	53
72	-28	53
72	-28	53
72	-28	53
72	-28	53
71	-28	53
72	-28	51
59	-17	48
58	-17	48
58	-16	47
59	-17	47
60	-17	47
59	-17	47
58	-18	46
56	-18	46
56	-19	45
56	-19	45
55	-19	46
53	-19	46
52	-19	46
52	-19	46
54	-18	47
55	-18	47
56	-17	47
56	-17	47
56	-16	47
56	-16	47
58	-16	47
59	-16	47
60	-17	46
60	-17	46
60	-17	46
60	-17	47
60	-17	48
60	-18	48
61	-18	48
61	-18	49
61	-20	49
60	-20	49
60	-20	50
61	-21	50
61	-21	50
61	-21	50
61	-21	49
61	-21	49
61	-22	49
61	-22	49
61	-22	49
61	-22	49
62	-22	50
63	-22	50
63	-22	49
64	-22	48
65	-22	49
65	-22	48
65	-23	48
63	-23	49
63	-23	49
63	-24	49
62	-25	49
61	-25	50
61	-26	50
63	-26	50
63	-27	51
62	-27	51
62	-26	50
62	-26	50
62	-26	51
63	-26	51
64	-26	51
64	-26	51
63	-26	51
63	-26	52
64	-26	52
64	-26	52
65	-27	52
66	-27	52
66	-28	52
65	-28	52
65	-28	53
65	-28	53
67	-29	53
67	-29	53
67	-29	53
67	-29	53
67	-28	53
67	-28	53
67	-28	53
68	-28	53
68	-28	53
69	-28	53
70	-28	53
72	-28	53
72	-28	53
73	-28	53
73	-28	54
72	-28	53
72	-28	51
59	-17	48
59	-17	48
59	-16	47
59	-16	47
60	-17	47
59	-17	47
57	-18	46
55	-18	46
55	-19	45
55	-19	45
54	-19	46
52	-19	46
52	-19	46
53	-19	46
55	-19	47
56	-19	47
56	-17	47
56	-17	47
55	-16	47
56	-16	47
58	-16	47
59	-16	47
60	-17	46
60	-17	46
60	-17	46
60	-17	47
60	-17	48
60	-18	48
61	-18	49
60	-18	49
60	-20	49
60	-19	49
60	-20	50
61	-20	50
60	-21	50
60	-21	50
60	-21	49
61	-21	49
61	-22	49
61	-22	50
61	-22	49
61	-22	49
62	-22	49
62	-22	50
63	-22	49
63	-22	49
65	-22	48
65	-22	49
65	-23	48
63	-23	49
62	-23	49
63	-24	49
62	-24	49
61	-25	49
61	-26	50
63	-26	50
63	-27	51
62	-27	51
62	-26	50
62	-26	50
62	-26	51
63	-26	51
64	-26	51
64	-26	51
63	-26	51
63	-26	51
63	-26	51
64	-26	52
65	-28	52
65	-27	52
65	-28	52
65	-27	52
65	-28	52
65	-28	53
67	-29	53
67	-29	53
67	-29	53
67	-29	53
67	-28	53
67	-28	53
68	-28	53
68	-28	53
68	-28	53
69	-28	53
70	-28	53
70	-28	53
70	-28	53
72	-28	53
72	-28	54
72	-28	53
73	-28	52
59	-16	48
59	-16	48
60	-17	48
59	-17	48
59	-17	47
58	-17	47
56	-18	46
55	-18	46
55	-19	46
56	-19	46
53	-19	46
52	-19	46
52	-18	46
54	-18	46
56	-17	47
57	-17	47
56	-17	47
56	-17	47
56	-16	47
56	-16	47
58	-16	46
59	-16	46
60	-17	46
60	-17	46
60	-16	45
60	-17	46
60	-18	48
61	-18	49
61	-18	49
60	-18	49
60	-20	50
60	-20	50
60	-20	50
61	-20	50
60	-21	50
60	-20	50
60	-21	49
61	-21	49
61	-21	49
60	-21	49
61	-22	48
61	-22	49
62	-22	49
63	-22	49
63	-22	49
64	-22	49
65	-22	48
65	-22	49
64	-22	48
63	-22	48
62	-23	49
63	-24	49
63	-24	49
61	-25	49
61	-26	50
62	-26	50
63	-27	50
63	-27	50
62	-26	50
63	-26	50
63	-26	50
63	-26	50
63	-26	50
64	-26	50
63	-26	50
63	-26	51
63	-26	51
64	-26	51
64	-28	52
64	-28	52
64	-27	52
64	-27	52
64	-28	52
65	-28	53
66	-29	53
66	-29	53
66	-29	53
67	-29	53
67	-28	53
68	-28	53
68	-28	53
68	-28	53
70	-28	54
70	-28	54
71	-28	54
70	-28	54
70	-28	54
70	-28	54
71	-28	54
72	-28	53
73	-28	52
58	-16	48
59	-17	48
59	-17	48
58	-17	48
58	-17	47
57	-18	47
56	-18	46
55	-19	46
55	-19	46
56	-19	46
53	-19	46
52	-19	47
53	-18	46
55	-19	47
57	-17	47
58	-17	47
56	-17	47
55	-17	47
56	-17	47
58	-17	47
59	-16	46
60	-17	46
60	-17	46
60	-17	46
60	-17	46
60	-17	47
61	-18	48
61	-18	49
61	-18	49
60	-18	49
60	-20	50
60	-20	50
60	-20	50
61	-20	50
60	-21	50
60	-20	50
60	-21	49
61	-21	49
61	-21	49
60	-21	49
60	-22	48
61	-22	48
63	-22	49
63	-22	49
64	-22	49
64	-22	48
65	-22	49
65	-22	49
64	-22	48
63	-21	48
63	-23	48
63	-22	48
63	-24	48
61	-24	48
61	-25	49
62	-25	49
63	-25	49
63	-25	49
63	-25	49
63	-25	49
64	-26	50
63	-26	50
63	-26	50
63	-26	50
64	-26	50
64	-26	50
64	-26	51
65	-26	51
65	-28	52
65	-27	52
64	-28	52
64	-28	52
65	-28	53
66	-28	52
66	-28	52
66	-29	53
66	-29	53
67	-29	53
69	-28	53
69	-28	53
69	-28	53
68	-28	54
69	-28	54
70	-28	54
72	-28	54
72	-28	54
71	-28	54
71	-28	54
72	-28	54
72	-27	53
73	-28	52
59	-17	48
60	-17	48
59	-17	48
59	-17	48
58	-17	47
55	-18	47
55	-19	47
56	-20	47
56	-20	47
54	-19	47
52	-19	47
54	-18	48
55	-19	47
56	-19	48
56	-19	48
56	-19	48
56	-18	47
56	-18	47
57	-18	47
57	-18	47
59	-17	47
60	-19	47
60	-19	47
59	-19	47
60	-19	47
61	-19	47
62	-18	48
61	-18	48
59	-18	49
59	-18	49
60	-20	50
60	-20	50
61	-20	50
61	-20	50
60	-21	50
60	-21	50
60	-21	49
60	-21	49
61	-22	49
61	-22	49
61	-22	48
63	-21	48
64	-21	48
63	-21	49
63	-21	48
65	-21	48
65	-21	48
64	-21	48
64	-22	47
63	-21	47
63	-21	47
63	-22	47
63	-22	47
62	-23	47
62	-23	47
62	-24	47
62	-24	47
62	-24	47
63	-25	48
64	-25	48
64	-25	49
63	-25	50
63	-25	50
63	-25	51
63	-25	51
63	-25	51
64	-26	51
65	-26	51
66	-26	51
64	-26	52
63	-27	52
63	-28	52
64	-29	53
66	-29	53
66	-28	52
65	-30	53
67	-30	53
67	-30	53
69	-29	54
69	-29	54
68	-28	54
69	-29	55
70	-28	55
71	-28	55
72	-28	54
73	-27	54
72	-26	53
72	-26	53
72	-26	53
72	-26	53
73	-27	53
59	-17	48
59	-17	48
59	-17	48
58	-17	48
56	-19	47
55	-19	47
55	-19	47
56	-20	47
56	-20	47
54	-20	47
53	-19	48
54	-19	48
55	-19	48
56	-19	48
56	-19	48
56	-19	48
56	-18	47
56	-18	47
57	-18	47
57	-18	47
58	-19	47
59	-19	47
60	-19	47
60	-19	47
60	-19	47
61	-19	48
61	-18	48
60	-18	48
59	-18	49
59	-18	49
60	-20	50
60	-20	50
60	-20	50
61	-20	50
60	-20	50
60	-21	50
60	-21	49
60	-21	49
61	-22	49
61	-22	49
63	-21	48
64	-22	48
64	-20	48
63	-20	48
64	-21	48
65	-21	48
65	-21	48
65	-21	48
64	-21	47
64	-22	47
64	-21	47
64	-21	47
63	-22	46
62	-22	46
62	-23	46
63	-23	46
63	-23	46
63	-24	46
63	-24	47
64	-25	48
64	-25	49
63	-25	50
63	-25	50
63	-25	51
64	-25	51
63	-25	51
66	-26	51
67	-26	51
67	-26	51
65	-26	52
64	-28	53
63	-28	53
64	-29	54
65	-29	54
66	-30	53
65	-30	53
67	-30	53
67	-30	54
68	-29	54
69	-29	54
67	-29	55
69	-29	55
70	-28	55
70	-28	55
72	-27	54
73	-27	54
73	-26	53
73	-26	53
72	-25	52
72	-26	53
73	-26	52
60	-17	48
59	-17	48
59	-17	48
58	-17	48
55	-18	47
55	-19	47
55	-19	47
56	-19	47
55	-20	47
53	-20	47
54	-18	47
55	-19	47
56	-18	47
56	-19	47
56	-19	47
56	-18	47
55	-18	47
55	-18	47
57	-18	47
57	-18	47
58	-18	47
59	-19	47
60	-19	47
60	-19	47
60	-19	47
61	-19	48
61	-18	48
60	-18	49
59	-18	49
59	-18	49
60	-20	50
60	-20	50
60	-21	51
60	-21	51
60	-21	51
60	-21	51
60	-22	51
60	-21	49
61	-22	49
61	-22	49
63	-21	48
64	-22	48
64	-20	48
63	-20	48
65	-20	48
65	-20	48
65	-21	48
65	-21	48
65	-22	48
63	-22	48
63	-22	47
63	-22	47
63	-22	47
62	-22	47
62	-23	46
63	-23	46
63	-23	46
63	-24	46
64	-24	47
65	-25	48
65	-25	49
64	-25	50
63	-25	50
63	-25	51
64	-26	52
64	-26	52
66	-26	52
67	-26	52
67	-26	52
65	-26	52
64	-28	53
63	-28	53
63	-29	54
65	-29	54
67	-29	53
66	-29	53
67	-29	53
67	-29	54
67	-29	54
67	-29	55
67	-29	55
68	-29	55
70	-28	55
70	-28	55
72	-27	54
73	-27	54
73	-26	53
73	-26	53
73	-25	52
73	-26	53
74	-26	53
60	-17	48
59	-17	48
58	-17	48
57	-17	48
55	-18	47
55	-19	47
56	-19	47
56	-19	47
55	-20	47
53	-19	47
54	-18	47
55	-19	47
56	-19	47
56	-19	47
56	-19	47
55	-18	47
55	-18	47
56	-18	47
57	-18	47
56	-19	47
57	-18	47
58	-19	47
60	-19	47
60	-19	47
60	-19	47
60	-19	48
60	-18	48
60	-18	49
60	-18	49
60	-18	50
60	-20	50
61	-20	51
60	-21	51
60	-21	51
61	-21	51
60	-21	51
60	-22	51
60	-22	51
61	-22	49
61	-22	49
63	-21	48
64	-22	48
63	-20	48
64	-20	48
65	-20	48
65	-20	48
65	-21	48
65	-21	48
65	-22	48
63	-22	48
63	-22	47
63	-22	47
63	-22	47
63	-22	47
63	-23	46
63	-23	46
64	-23	46
64	-24	47
65	-25	48
65	-25	48
65	-25	49
64	-25	50
63	-25	51
64	-26	52
64	-26	52
65	-26	52
65	-26	52
66	-26	52
66	-26	52
65	-27	52
64	-28	53
63	-28	54
63	-29	55
64	-29	55
67	-29	54
66	-29	54
67	-29	54
67	-29	55
67	-29	55
67	-29	55
67	-29	55
68	-29	55
70	-28	55
71	-28	55
72	-27	54
72	-27	54
73	-26	53
73	-26	53
73	-25	52
72	-26	53
74	-27	53
60	-17	48
59	-17	48
57	-17	48
56	-17	48
55	-18	47
55	-18	47
56	-19	47
55	-19	47
54	-20	47
54	-19	47
54	-18	46
55	-17	46
56	-17	46
56	-17	46
56	-17	46
55	-17	46
55	-17	47
56	-17	47
57	-17	47
56	-17	47
56	-17	48
58	-17	48
59	-17	48
60	-18	48
60	-18	48
60	-18	48
61	-18	48
60	-18	49
60	-18	50
60	-18	50
61	-20	50
61	-20	51
61	-21	51
60	-21	52
60	-21	51
59	-21	51
60	-22	50
60	-22	51
61	-22	50
61	-22	50
64	-22	49
66	-22	49
63	-20	48
64	-20	48
65	-20	48
65	-20	48
65	-21	48
65	-21	48
65	-22	48
63	-22	48
63	-22	48
63	-22	48
64	-24	48
65	-24	48
65	-23	47
64	-23	47
64	-24	47
64	-24	47
64	-25	48
65	-25	48
65	-25	49
64	-25	50
63	-25	51
64	-26	52
64	-26	52
65	-26	52
67	-27	52
67	-27	52
66	-27	52
65	-27	52
64	-28	53
64	-28	54
64	-29	55
65	-29	55
66	-29	55
66	-29	55
67	-29	55
67	-29	55
67	-29	55
68	-29	56
67	-28	55
68	-28	55
72	-28	55
72	-28	55
72	-28	54
72	-28	54
72	-26	53
72	-26	53
72	-26	52
72	-26	53
73	-27	53
59	-17	48
58	-17	48
56	-17	48
55	-17	48
55	-18	47
56	-18	47
55	-19	47
54	-19	47
54	-19	47
54	-19	47
54	-18	46
55	-17	46
56	-17	46
56	-17	46
55	-17	46
55	-17	46
55	-17	47
56	-17	47
57	-17	47
56	-17	47
56	-17	48
58	-17	48
59	-17	48
59	-17	48
60	-18	48
60	-18	48
61	-18	49
61	-18	50
60	-18	50
61	-19	51
61	-20	51
61	-20	51
61	-21	52
60	-21	52
60	-21	51
60	-21	51
60	-22	51
61	-22	50
61	-22	50
61	-22	50
63	-22	49
65	-21	48
64	-20	48
64	-20	48
65	-20	48
65	-20	48
64	-21	48
64	-21	48
64	-22	48
63	-21	48
64	-23	48
64	-23	48
64	-24	48
65	-24	48
65	-24	48
64	-24	48
63	-24	47
62	-24	48
63	-25	48
63	-25	49
64	-25	50
63	-25	51
63	-26	52
63	-26	52
64	-26	52
65	-26	52
66	-27	52
66	-27	52
65	-27	52
64	-27	53
64	-28	54
64	-29	55
64	-30	56
65	-30	56
66	-30	56
66	-29	55
68	-29	55
67	-29	55
68	-29	56
69	-29	56
68	-28	55
69	-28	55
72	-28	55
72	-28	55
72	-28	55
72	-28	54
72	-26	53
72	-26	53
72	-26	52
71	-26	53
73	-28	54
58	-17	48
57	-17	48
56	-17	48
54	-17	48
55	-19	47
56	-18	47
56	-18	47
54	-19	47
54	-19	47
54	-19	47
55	-18	46
55	-16	45
56	-17	46
56	-17	46
55	-17	46
54	-17	46
55	-17	47
56	-17	47
57	-17	48
56	-17	48
57	-17	48
58	-17	48
59	-18	48
59	-18	48
60	-18	48
60	-18	49
61	-17	49
61	-18	50
60	-18	50
60	-19	51
61	-20	51
61	-20	52
61	-21	52
60	-21	52
61	-22	52
60	-22	52
60	-22	52
61	-22	51
61	-22	50
61	-22	50
62	-22	51
63	-21	49
63	-21	50
63	-21	50
64	-21	49
65	-20	49
63	-21	49
62	-21	49
62	-22	50
61	-22	49
63	-23	49
63	-23	49
63	-24	49
64	-24	49
64	-25	49
63	-25	49
61	-24	48
62	-25	49
62	-25	49
63	-26	50
63	-25	51
63	-26	52
63	-26	52
63	-26	53
64	-26	53
65	-26	53
65	-27	53
65	-27	53
64	-27	53
63	-27	54
63	-29	55
63	-29	55
65	-30	56
65	-30	56
67	-29	56
67	-29	56
68	-29	56
68	-29	56
69	-28	57
70	-28	57
69	-28	56
69	-28	56
72	-27	55
72	-27	55
72	-27	55
72	-27	55
72	-27	54
72	-27	54
72	-27	53
72	-27	53
73	-27	54
58	-17	48
56	-17	48
56	-17	48
54	-17	48
55	-19	47
56	-19	47
56	-19	47
55	-19	47
54	-19	47
54	-18	47
55	-17	46
56	-16	45
57	-17	46
56	-17	46
55	-17	46
54	-17	46
54	-17	47
55	-17	47
57	-17	48
57	-17	48
57	-17	48
58	-18	48
59	-18	48
59	-18	48
59	-18	48
60	-18	49
61	-18	50
61	-18	51
61	-19	51
60	-19	52
61	-20	52
61	-20	52
61	-21	52
60	-21	52
59	-22	52
59	-22	52
59	-22	52
60	-22	52
60	-22	51
61	-22	50
62	-22	51
64	-22	51
63	-21	50
62	-21	50
63	-21	50
64	-20	49
62	-21	49
61	-21	49
61	-22	49
61	-22	49
63	-23	50
63	-23	50
63	-24	49
63	-24	50
64	-25	50
63	-25	50
62	-25	50
63	-25	50
62	-26	50
62	-26	51
63	-26	52
63	-26	52
63	-26	53
63	-27	54
63	-27	54
65	-27	54
65	-27	54
64	-27	54
63	-27	54
63	-28	55
63	-29	55
65	-29	56
66	-30	57
66	-30	57
67	-29	56
67	-29	56
69	-29	56
68	-29	56
69	-28	57
70	-28	57
69	-28	56
68	-27	56
71	-27	55
71	-27	55
71	-27	55
72	-27	55
72	-27	54
73	-27	54
72	-28	54
72	-28	54
73	-27	54
59	-17	48
57	-17	48
56	-17	48
55	-17	48
56	-19	47
57	-18	47
55	-18	47
55	-19	47
55	-19	47
54	-18	47
54	-17	46
56	-17	46
56	-17	46
54	-17	46
54	-17	47
53	-17	47
53	-17	47
56	-17	47
57	-17	48
57	-17	48
58	-17	48
58	-17	48
58	-17	48
58	-17	49
59	-17	49
60	-17	49
61	-18	50
61	-18	51
62	-18	51
61	-19	52
61	-20	52
61	-21	53
60	-22	53
58	-21	53
60	-22	53
60	-22	53
60	-22	53
59	-22	52
60	-22	52
61	-22	51
63	-22	51
63	-22	51
62	-21	50
63	-21	50
63	-21	50
63	-21	50
62	-22	51
61	-22	50
61	-22	50
61	-22	50
62	-23	51
62	-23	51
63	-25	51
63	-25	51
62	-25	51
62	-25	51
62	-25	51
62	-25	51
61	-26	51
61	-26	52
61	-26	52
61	-26	53
62	-27	54
63	-27	55
63	-27	55
64	-27	55
65	-28	55
65	-28	55
64	-28	55
64	-28	55
64	-29	55
63	-29	56
64	-30	57
66	-30	57
66	-29	56
67	-29	56
69	-28	57
69	-28	57
69	-28	57
68	-28	57
69	-28	56
69	-28	56
70	-27	56
70	-27	56
70	-27	55
72	-27	55
72	-27	55
73	-27	55
72	-28	55
72	-28	55
73	-27	55
59	-17	48
57	-17	48
57	-17	48
55	-17	48
56	-19	47
58	-18	47
56	-19	47
55	-18	47
55	-18	47
54	-18	47
55	-17	46
57	-17	46
56	-17	46
55	-17	47
55	-17	47
54	-17	47
54	-17	47
56	-17	48
57	-17	48
57	-17	48
58	-17	48
58	-17	48
58	-17	49
59	-17	49
59	-17	49
60	-18	50
61	-18	51
61	-18	51
61	-18	51
61	-19	52
61	-19	52
61	-21	53
60	-22	53
58	-21	53
60	-22	53
60	-22	53
60	-22	53
59	-22	53
60	-22	52
61	-22	52
63	-22	51
63	-22	51
63	-21	51
63	-21	51
63	-21	50
63	-21	51
61	-21	51
60	-22	51
60	-22	50
60	-23	52
62	-24	51
62	-25	51
63	-25	52
63	-25	52
62	-26	52
62	-26	52
62	-26	52
62	-26	52
62	-27	52
62	-27	52
62	-26	53
62	-27	54
62	-27	55
63	-27	55
63	-27	55
64	-27	55
64	-28	55
65	-28	55
64	-28	55
64	-28	55
64	-29	56
64	-30	57
65	-31	58
66	-31	58
66	-30	57
67	-29	56
69	-29	57
69	-29	57
69	-28	57
68	-28	57
69	-28	56
69	-28	56
70	-27	56
70	-27	56
70	-27	55
72	-27	55
73	-27	55
73	-27	55
72	-28	55
72	-28	55
72	-27	55
59	-17	48
58	-17	48
56	-17	48
55	-17	48
56	-17	47
57	-17	47
56	-17	47
56	-17	47
55	-17	47
54	-17	47
56	-17	47
57	-17	47
56	-17	47
55	-17	47
55	-17	47
54	-17	48
55	-17	48
56	-17	48
57	-17	48
57	-17	48
57	-17	48
58	-17	49
59	-16	49
60	-16	49
60	-16	50
60	-16	50
60	-16	51
60	-16	51
61	-18	51
60	-19	52
60	-19	52
61	-21	53
60	-22	53
58	-21	53
60	-23	54
60	-22	54
60	-23	54
59	-22	54
60	-22	53
61	-22	53
62	-21	52
62	-21	52
63	-21	52
63	-21	52
62	-21	51
62	-21	52
61	-22	51
60	-22	52
59	-23	51
60	-23	52
62	-24	52
62	-25	52
62	-25	52
63	-26	53
62	-26	52
61	-26	53
62	-27	52
62	-27	53
62	-27	53
63	-27	54
63	-27	54
62	-27	55
62	-27	55
63	-27	56
63	-27	55
63	-27	55
64	-28	55
65	-28	55
64	-28	55
63	-28	55
64	-29	56
65	-30	57
65	-31	58
65	-31	58
67	-30	57
67	-30	57
68	-30	57
69	-29	57
68	-28	57
68	-28	57
69	-27	57
69	-27	57
70	-27	57
70	-27	57
70	-27	56
72	-27	56
73	-28	56
73	-28	56
72	-27	55
71	-27	55
71	-27	55
59	-17	48
58	-17	48
55	-17	48
56	-17	48
56	-17	47
57	-17	47
56	-17	47
56	-17	47
56	-17	47
55	-17	47
57	-17	47
56	-17	47
56	-17	47
55	-17	48
55	-17	48
54	-17	48
55	-17	48
56	-17	48
58	-17	48
57	-17	48
57	-17	49
58	-17	49
59	-16	49
60	-16	49
60	-16	50
60	-16	50
60	-17	51
61	-17	52
61	-18	51
60	-19	52
60	-19	52
60	-21	54
59	-21	53
58	-21	53
59	-22	54
60	-22	54
60	-23	54
59	-22	54
60	-22	53
61	-22	53
62	-21	52
62	-21	52
63	-21	52
62	-21	52
62	-21	52
61	-21	52
61	-22	52
60	-22	53
59	-23	52
60	-24	53
61	-24	53
62	-26	54
62	-26	53
62	-27	54
61	-26	53
61	-27	54
61	-27	54
61	-27	54
62	-27	54
62	-28	55
62	-27	55
62	-27	55
63	-27	56
63	-27	56
63	-27	56
64	-27	56
64	-28	55
65	-28	55
64	-28	55
63	-28	56
63	-30	57
64	-29	57
65	-31	58
65	-31	58
67	-30	57
67	-30	57
68	-30	57
68	-30	57
67	-28	57
68	-28	57
69	-27	57
70	-27	57
69	-27	57
70	-27	57
71	-27	57
72	-27	57
72	-27	56
73	-28	57
72	-28	56
71	-28	56
72	-27	55
59	-17	48
58	-17	48
55	-17	48
56	-17	48
57	-17	47
57	-17	47
57	-17	47
57	-17	47
56	-16	47
57	-16	47
58	-17	48
56	-17	48
55	-17	48
56	-18	49
55	-18	49
55	-18	49
56	-17	48
56	-17	48
58	-17	48
57	-17	49
57	-16	49
57	-16	49
58	-16	50
60	-16	50
60	-16	50
60	-16	50
60	-17	51
61	-17	52
61	-18	51
60	-19	52
59	-19	52
59	-21	54
58	-21	53
58	-22	54
58	-22	54
60	-23	54
60	-23	54
59	-22	54
59	-21	53
60	-21	53
61	-21	53
62	-21	53
63	-22	53
62	-21	53
62	-21	53
61	-21	53
61	-22	53
60	-23	54
59	-23	53
60	-24	53
61	-24	54
61	-26	54
62	-27	54
62	-27	55
61	-28	54
61	-27	55
61	-27	55
61	-27	55
61	-27	55
62	-28	55
62	-27	56
63	-27	57
62	-27	57
62	-27	57
63	-27	57
63	-27	57
65	-28	56
65	-28	56
65	-28	56
63	-28	56
62	-29	57
63	-30	57
65	-31	58
65	-31	58
67	-30	57
67	-30	57
68	-30	57
68	-30	57
67	-28	57
68	-28	57
69	-27	57
70	-27	57
70	-26	57
71	-26	57
72	-26	57
72	-27	58
72	-27	57
72	-27	58
72	-27	57
71	-27	57
72	-27	55
59	-17	48
58	-17	48
54	-17	48
57	-17	48
58	-17	47
57	-17	47
57	-17	47
57	-17	47
57	-16	47
59	-16	47
58	-17	48
56	-18	48
56	-18	49
56	-18	49
56	-18	49
56	-18	49
57	-17	48
57	-17	49
58	-17	49
58	-17	49
57	-16	49
57	-16	49
58	-16	50
59	-17	50
60	-16	50
60	-17	51
60	-17	51
61	-17	52
61	-19	52
60	-19	52
59	-19	53
58	-21	53
58	-22	54
59	-22	54
58	-22	54
60	-22	54
60	-23	54
59	-22	54
58	-21	53
60	-21	53
61	-21	53
62	-21	53
63	-22	53
62	-21	53
62	-21	53
61	-21	53
60	-23	54
59	-22	53
59	-24	54
60	-25	54
61	-25	55
61	-26	54
62	-27	55
61	-27	55
61	-27	55
60	-28	55
60	-28	55
61	-27	55
61	-28	55
62	-28	56
62	-27	57
63	-28	58
62	-28	57
62	-28	57
63	-27	57
63	-27	57
65	-28	56
65	-28	56
65	-28	56
63	-28	56
63	-30	57
63	-30	57
65	-31	58
66	-31	58
67	-30	57
68	-30	57
68	-30	57
69	-30	57
68	-28	57
69	-28	57
70	-27	57
72	-27	57
71	-26	57
72	-26	57
72	-26	58
72	-26	58
72	-27	58
72	-27	58
72	-27	58
71	-27	58
72	-28	56
58	-17	48
57	-17	48
54	-17	48
57	-17	48
57	-17	47
56	-17	47
57	-17	47
57	-17	47
57	-16	47
59	-16	47
59	-17	48
56	-18	49
55	-18	49
56	-18	49
55	-17	49
56	-17	49
58	-17	49
58	-17	49
58	-16	49
57	-16	50
57	-16	50
58	-16	50
58	-16	50
59	-17	50
60	-15	50
60	-16	51
59	-16	51
60	-17	52
61	-19	52
60	-19	52
59	-19	53
58	-21	53
58	-22	54
59	-22	54
58	-23	55
59	-23	55
59	-22	54
58	-22	54
59	-21	53
61	-22	53
62	-21	53
62	-21	53
62	-21	53
62	-21	53
62	-21	53
61	-21	53
60	-23	54
58	-22	54
58	-24	54
60	-25	54
61	-25	55
61	-26	55
62	-27	55
61	-27	55
61	-27	55
61	-28	56
61	-28	56
61	-28	56
61	-28	56
62	-28	56
62	-27	57
62	-28	57
62	-28	57
62	-28	58
63	-28	58
63	-28	58
65	-29	57
65	-28	57
64	-28	56
64	-28	56
64	-30	57
64	-30	57
65	-31	58
66	-31	58
68	-31	57
68	-30	57
69	-30	57
69	-30	57
69	-28	57
69	-28	57
70	-27	57
72	-27	57
72	-26	58
73	-26	58
73	-26	58
72	-26	58
72	-26	59
73	-26	58
72	-28	59
70	-27	58
72	-28	56
58	-17	48
56	-17	48
56	-17	48
58	-17	48
58	-17	47
56	-17	47
57	-17	47
58	-17	47
57	-16	47
59	-16	47
59	-17	48
56	-18	49
55	-18	48
56	-18	49
55	-17	49
56	-17	49
58	-17	49
57	-17	49
57	-16	49
57	-16	50
58	-16	49
58	-16	50
59	-17	50
60	-16	50
60	-15	50
60	-16	51
59	-16	51
60	-17	52
60	-17	52
59	-19	53
59	-19	53
58	-21	54
59	-22	54
59	-22	54
58	-23	55
58	-23	55
58	-22	54
58	-22	54
59	-22	53
61	-22	53
62	-21	53
61	-22	53
61	-21	53
61	-22	53
62	-21	53
61	-22	53
59	-22	54
58	-22	54
59	-22	54
60	-24	54
61	-25	55
61	-26	55
62	-26	55
62	-27	55
61	-27	56
61	-28	56
61	-28	56
61	-28	56
62	-28	56
63	-28	56
63	-27	57
62	-28	57
61	-28	58
61	-28	58
62	-28	57
63	-28	58
65	-29	57
65	-29	57
64	-28	56
64	-28	56
65	-28	57
65	-30	57
65	-30	58
67	-31	58
67	-30	57
67	-30	57
68	-30	57
69	-29	57
68	-28	57
69	-28	57
70	-27	57
72	-27	57
73	-26	57
73	-26	58
73	-26	58
73	-26	58
74	-26	59
74	-26	59
72	-28	59
69	-27	58
72	-27	56
57	-16	47
56	-16	47
56	-16	47
58	-16	47
58	-16	47
57	-16	47
56	-16	47
57	-16	47
58	-16	47
58	-16	47
57	-17	48
56	-18	48
55	-17	48
55	-17	49
55	-17	49
58	-18	50
58	-17	49
57	-17	49
58	-16	49
58	-16	49
58	-16	48
59	-16	49
59	-15	49
59	-15	50
59	-15	50
60	-16	51
59	-16	51
60	-17	52
60	-17	52
59	-18	52
58	-20	53
58	-21	54
59	-22	54
60	-22	55
58	-23	55
58	-23	55
58	-22	54
59	-22	54
60	-22	53
61	-22	53
61	-21	53
61	-21	53
61	-21	53
61	-21	54
61	-22	54
60	-22	54
59	-22	54
59	-22	54
59	-22	54
59	-24	54
61	-25	55
61	-26	54
61	-26	55
61	-26	55
61	-26	56
61	-27	56
61	-27	57
61	-27	56
62	-27	56
62	-27	56
63	-27	57
64	-28	58
64	-29	59
64	-29	59
64	-29	59
64	-29	59
62	-28	58
63	-29	58
65	-29	57
65	-28	57
65	-28	57
66	-28	57
66	-29	58
66	-29	58
67	-29	57
67	-30	57
68	-28	57
68	-28	57
70	-28	56
70	-27	56
70	-27	56
72	-28	57
73	-27	57
74	-27	57
73	-26	58
72	-26	58
72	-26	59
73	-26	58
72	-27	59
71	-27	58
72	-27	55
58	-16	47
57	-16	47
57	-16	47
58	-16	47
58	-16	47
57	-16	47
56	-16	47
57	-16	47
58	-16	47
58	-16	47
57	-17	48
56	-17	48
55	-17	48
55	-17	49
56	-18	50
57	-18	50
58	-17	49
57	-17	49
57	-16	48
57	-16	48
58	-16	48
59	-16	48
60	-15	49
59	-15	50
59	-16	51
59	-16	51
59	-16	51
60	-17	52
60	-17	52
59	-19	53
58	-20	54
58	-21	54
58	-21	54
60	-22	55
59	-23	55
58	-23	55
58	-22	54
59	-22	54
60	-22	53
60	-22	53
61	-21	53
61	-21	53
61	-21	54
61	-21	54
61	-22	54
60	-22	54
59	-22	54
58	-22	54
59	-22	54
59	-22	54
61	-24	55
61	-25	55
61	-25	55
62	-26	55
62	-26	56
61	-26	56
61	-27	57
61	-27	57
62	-27	55
63	-27	56
63	-27	56
64	-28	58
64	-29	58
64	-29	59
64	-29	59
63	-29	59
63	-28	58
64	-29	58
65	-28	57
66	-28	57
66	-28	57
66	-28	58
67	-28	58
67	-28	58
67	-28	57
68	-28	57
68	-28	57
68	-28	57
69	-28	56
69	-28	56
69	-28	56
71	-28	56
73	-27	57
73	-27	57
73	-26	58
73	-26	58
72	-26	58
72	-26	59
72	-26	59
72	-26	58
75	-25	55
59	-16	47
58	-16	47
58	-16	47
58	-16	47
58	-16	47
56	-16	47
56	-16	47
58	-16	47
58	-17	48
57	-17	48
56	-17	48
55	-17	48
55	-17	48
55	-17	49
56	-18	50
57	-18	50
58	-18	50
57	-18	50
58	-16	49
58	-16	49
58	-16	48
59	-16	48
60	-15	49
60	-15	50
59	-16	51
59	-16	51
59	-16	51
60	-17	52
60	-17	52
59	-19	53
58	-20	54
58	-21	54
58	-21	54
60	-22	55
59	-22	55
58	-22	54
58	-22	54
59	-22	54
60	-21	54
60	-21	54
61	-21	53
61	-21	53
61	-21	54
61	-21	55
61	-22	54
60	-22	54
58	-22	54
58	-22	54
59	-22	54
60	-22	54
60	-24	55
61	-25	55
61	-25	55
61	-25	56
62	-26	56
62	-26	56
61	-27	57
62	-27	57
62	-27	55
63	-27	56
63	-27	56
63	-28	58
64	-29	58
64	-29	59
63	-29	59
63	-29	59
63	-28	58
63	-29	58
65	-27	57
66	-28	57
66	-28	58
66	-28	58
67	-27	58
68	-28	59
69	-28	58
70	-28	58
69	-28	57
69	-28	57
69	-28	57
69	-28	57
70	-27	57
71	-27	57
72	-27	57
73	-27	57
73	-26	57
73	-26	58
72	-25	58
72	-26	59
72	-26	59
74	-26	58
77	-25	55
60	-16	47
59	-16	47
59	-16	47
58	-16	47
57	-16	47
56	-16	47
57	-16	47
58	-16	47
58	-17	48
57	-17	48
56	-17	48
55	-17	48
55	-17	48
55	-17	49
56	-18	50
58	-18	50
59	-18	50
58	-18	50
58	-16	49
58	-16	49
58	-16	48
59	-16	49
60	-15	50
60	-15	50
60	-16	51
60	-16	51
59	-16	52
60	-17	52
60	-19	53
58	-19	53
58	-20	54
58	-20	54
59	-21	54
60	-22	55
59	-22	55
58	-22	54
58	-22	54
59	-22	55
60	-21	54
61	-21	54
61	-21	54
61	-21	54
60	-21	55
61	-21	55
61	-22	54
60	-22	54
58	-22	54
58	-22	54
59	-22	54
60	-23	54
60	-24	55
60	-24	55
61	-25	56
61	-25	56
62	-26	56
62	-26	56
62	-27	57
62	-27	57
62	-27	56
62	-27	56
62	-27	57
63	-28	57
64	-29	59
64	-29	59
63	-29	59
62	-29	58
63	-28	58
63	-29	58
65	-27	57
67	-28	57
67	-28	58
66	-28	58
67	-28	59
69	-28	59
69	-28	58
70	-28	58
69	-28	57
69	-28	57
70	-28	57
71	-28	57
71	-27	57
72	-27	57
72	-27	57
72	-27	57
73	-26	57
73	-26	57
72	-25	58
70	-25	58
72	-25	58
75	-25	57
76	-24	55
60	-16	47
60	-16	47
60	-16	47
58	-16	47
56	-16	47
56	-16	47
58	-17	48
59	-17	48
59	-17	48
58	-17	48
56	-17	48
56	-17	48
56	-17	48
56	-17	49
56	-18	50
58	-18	50
59	-16	50
58	-16	50
58	-16	49
58	-16	49
58	-16	49
59	-16	49
60	-15	50
60	-15	50
60	-16	51
60	-16	51
60	-17	52
60	-17	52
59	-19	53
58	-19	53
58	-20	54
58	-20	54
60	-21	54
60	-21	55
58	-22	55
58	-22	55
58	-22	54
60	-22	55
60	-21	54
61	-21	54
60	-21	54
60	-21	54
60	-21	55
61	-22	56
60	-22	55
59	-22	55
58	-22	54
58	-22	54
59	-23	55
60	-23	55
60	-24	55
60	-24	55
61	-25	56
61	-25	56
62	-26	57
62	-27	56
61	-27	56
62	-27	56
61	-27	56
61	-27	56
62	-28	57
63	-29	58
64	-29	59
64	-29	59
63	-29	59
62	-29	58
63	-29	58
64	-28	58
66	-28	57
67	-28	57
67	-27	58
67	-27	58
68	-27	59
70	-28	59
69	-27	58
69	-27	58
69	-27	58
69	-27	58
71	-27	57
72	-27	57
71	-26	57
71	-26	57
72	-26	57
72	-26	57
73	-25	57
73	-25	57
71	-25	57
70	-25	57
72	-24	57
75	-25	57
76	-24	55
60	-16	47
60	-16	46
60	-16	47
58	-16	47
56	-16	47
56	-16	47
58	-17	48
60	-17	48
59	-17	48
58	-17	48
57	-17	48
56	-17	48
56	-17	48
56	-17	49
57	-18	50
58	-18	50
59	-17	50
59	-16	50
59	-16	49
58	-16	49
58	-16	49
58	-16	49
59	-16	50
59	-16	51
60	-16	51
60	-16	51
60	-17	52
60	-18	53
59	-19	53
58	-19	53
58	-20	54
59	-20	54
60	-21	55
60	-21	55
58	-22	55
58	-22	55
58	-22	54
59	-22	55
60	-21	54
61	-21	54
60	-21	54
60	-21	55
60	-22	56
60	-22	56
60	-22	55
58	-22	54
58	-22	55
58	-22	54
59	-23	55
60	-23	55
60	-24	55
60	-24	56
61	-25	56
62	-25	56
63	-26	57
62	-27	56
61	-27	56
61	-27	56
62	-27	56
62	-27	57
63	-28	58
63	-29	59
64	-29	59
64	-29	59
63	-29	59
63	-29	59
64	-28	58
65	-28	58
67	-28	57
67	-28	58
67	-27	58
67	-27	59
68	-27	59
69	-28	59
69	-27	58
69	-27	58
69	-27	58
70	-27	58
71	-27	57
72	-27	57
71	-26	57
71	-26	57
72	-26	57
73	-26	57
73	-25	57
73	-25	57
72	-25	57
71	-25	57
72	-24	57
76	-24	56
77	-24	55
60	-16	47
60	-16	46
60	-16	46
58	-16	47
57	-17	48
57	-17	48
59	-17	48
60	-17	48
60	-15	48
59	-16	48
57	-17	48
56	-17	48
57	-17	48
57	-17	49
57	-16	50
58	-16	50
60	-16	50
59	-16	50
59	-16	49
59	-16	49
59	-16	49
60	-16	49
59	-15	50
59	-16	51
59	-16	51
60	-16	51
60	-17	52
60	-18	53
59	-19	53
58	-19	54
59	-20	54
60	-20	54
60	-21	55
59	-21	54
58	-22	55
58	-22	55
58	-22	55
59	-22	55
60	-21	54
60	-21	55
60	-21	55
60	-21	55
61	-22	56
60	-22	56
59	-22	55
58	-22	55
58	-22	55
58	-22	55
59	-23	55
60	-23	56
60	-24	56
60	-25	56
61	-25	56
63	-26	57
63	-26	57
62	-26	57
61	-27	57
61	-27	57
63	-27	57
63	-28	57
63	-28	58
63	-29	59
63	-29	59
63	-29	59
63	-29	59
64	-29	59
65	-28	58
66	-28	58
67	-28	58
67	-28	58
67	-27	58
68	-27	59
69	-26	59
69	-27	59
69	-26	59
70	-26	58
70	-26	58
70	-26	59
71	-26	58
71	-26	58
71	-25	57
72	-25	57
72	-25	57
73	-25	57
74	-24	56
74	-24	56
73	-24	56
73	-24	56
75	-24	56
77	-24	56
78	-25	55
60	-16	46
60	-16	47
60	-16	46
59	-16	47
58	-17	48
58	-17	48
59	-17	48
60	-17	48
60	-15	48
60	-16	48
57	-17	48
57	-17	48
57	-17	48
57	-17	49
57	-16	50
58	-16	50
60	-16	50
59	-17	50
60	-16	49
60	-16	49
61	-16	49
61	-16	50
60	-15	50
59	-16	51
59	-16	51
60	-16	52
60	-17	52
60	-18	53
59	-19	54
58	-19	54
60	-20	54
61	-20	54
60	-21	55
58	-21	54
58	-22	55
58	-22	55
58	-22	55
58	-22	55
59	-21	54
60	-21	55
61	-21	55
61	-21	55
61	-22	56
60	-22	56
59	-22	55
58	-22	55
58	-22	55
59	-22	55
60	-23	56
60	-23	56
60	-25	56
61	-25	56
61	-26	57
63	-26	57
63	-26	57
62	-26	57
61	-27	57
61	-27	57
63	-27	57
63	-28	58
63	-29	58
62	-29	58
62	-29	59
63	-29	59
63	-29	59
64	-29	59
66	-28	58
68	-28	58
68	-28	58
67	-28	58
68	-27	58
69	-27	59
70	-27	59
69	-27	59
69	-26	59
70	-26	59
70	-26	59
70	-26	59
71	-26	58
71	-26	58
72	-25	57
73	-25	57
72	-25	57
73	-25	57
74	-24	56
74	-24	56
74	-24	56
75	-24	56
76	-24	56
78	-24	55
78	-23	54
61	-16	47
61	-17	47
61	-16	47
58	-16	47
57	-16	47
57	-16	47
59	-16	48
60	-15	48
60	-16	48
61	-16	48
59	-16	48
58	-16	48
58	-16	48
58	-16	49
58	-16	50
59	-17	50
60	-16	50
60	-16	50
59	-16	49
60	-16	49
60	-16	49
59	-17	50
60	-15	50
60	-16	51
59	-16	51
60	-16	52
61	-17	52
60	-19	53
59	-19	53
60	-19	53
61	-20	54
60	-20	54
60	-20	54
59	-20	54
57	-21	54
57	-21	54
58	-22	55
59	-22	55
60	-21	55
61	-21	55
61	-20	55
60	-20	55
60	-22	56
60	-22	56
59	-23	56
59	-23	56
58	-22	55
59	-22	55
60	-23	56
60	-23	56
59	-24	56
60	-24	55
61	-26	57
63	-26	57
62	-26	57
62	-26	57
62	-26	57
61	-27	57
61	-28	58
61	-28	57
62	-29	58
61	-29	58
61	-29	59
63	-29	59
63	-29	59
64	-29	59
66	-28	58
67	-28	58
68	-27	57
68	-27	58
67	-26	58
68	-26	58
69	-26	59
69	-26	59
68	-26	59
69	-26	59
71	-26	59
71	-26	59
71	-25	58
72	-25	58
72	-25	58
72	-25	58
72	-24	57
73	-24	57
74	-24	56
75	-24	56
74	-24	55
74	-24	55
76	-23	55
78	-23	54
77	-23	54
61	-16	47
61	-17	47
61	-16	47
59	-16	47
57	-16	47
58	-16	47
59	-16	48
60	-15	48
60	-16	48
61	-16	48
60	-15	48
60	-16	48
60	-16	48
60	-16	48
60	-16	49
60	-16	50
60	-16	50
60	-16	50
60	-16	49
60	-16	49
60	-16	49
60	-16	49
60	-16	50
60	-16	51
60	-16	51
60	-17	52
61	-17	52
60	-19	53
59	-19	53
59	-19	53
60	-20	54
60	-20	54
59	-20	54
58	-20	54
57	-21	54
57	-21	54
58	-22	55
59	-22	55
60	-21	55
60	-21	55
60	-20	55
60	-20	55
60	-22	56
59	-22	56
59	-23	56
59	-23	56
58	-22	55
59	-22	55
59	-23	55
60	-23	56
59	-24	56
60	-24	55
61	-26	57
63	-26	57
63	-26	57
62	-26	57
61	-26	57
61	-27	57
60	-28	57
60	-28	57
61	-29	58
60	-29	58
60	-29	58
62	-29	59
62	-29	58
63	-29	59
67	-28	58
68	-28	58
69	-27	57
68	-27	57
68	-26	58
68	-26	58
68	-26	59
68	-26	59
68	-26	59
70	-26	59
71	-26	59
72	-26	59
71	-25	58
72	-25	58
72	-24	58
72	-24	58
72	-24	57
73	-24	57
74	-24	56
75	-24	56
75	-24	55
75	-24	55
76	-23	54
77	-23	54
77	-23	53
62	-16	46
62	-16	45
61	-16	46
60	-16	46
58	-16	47
58	-16	47
60	-15	47
60	-16	47
61	-16	48
61	-16	48
60	-16	47
60	-16	48
60	-16	48
60	-16	48
61	-16	49
60	-16	49
60	-16	49
60	-16	49
60	-16	49
61	-16	49
60	-16	49
60	-16	49
61	-16	50
60	-16	51
60	-16	51
60	-17	52
61	-17	52
60	-19	53
59	-19	53
58	-19	53
59	-20	54
60	-20	54
60	-20	54
58	-20	54
57	-20	54
57	-20	54
58	-20	54
59	-20	54
60	-20	54
60	-20	55
60	-20	55
60	-20	55
60	-22	56
60	-23	56
59	-23	56
59	-23	56
59	-22	55
59	-22	55
59	-23	55
59	-23	55
59	-24	56
60	-24	55
61	-25	56
63	-25	56
63	-26	57
62	-26	57
61	-26	57
59	-26	56
59	-28	57
59	-28	57
60	-29	58
59	-29	58
60	-29	58
61	-29	59
61	-29	58
63	-29	58
66	-28	58
67	-28	57
68	-27	57
68	-27	57
67	-26	58
67	-26	59
67	-26	59
67	-26	59
68	-26	59
70	-25	58
72	-25	58
72	-25	58
71	-25	58
72	-24	58
72	-24	58
73	-24	58
73	-24	57
74	-24	57
74	-24	56
76	-24	56
76	-24	55
76	-24	55
75	-23	54
76	-23	54
76	-23	53
63	-16	46
63	-16	46
62	-16	45
61	-16	46
60	-16	46
59	-16	47
60	-16	47
61	-16	47
61	-16	48
61	-16	48
61	-16	47
61	-16	47
61	-16	48
61	-16	48
61	-16	48
61	-16	49
60	-16	49
60	-16	49
60	-16	49
61	-16	49
61	-16	49
60	-16	49
61	-16	50
60	-16	51
59	-16	51
60	-17	52
60	-19	52
60	-19	53
59	-19	53
57	-19	53
58	-19	53
60	-20	54
60	-20	54
60	-20	54
58	-20	54
58	-20	54
58	-20	54
59	-20	54
59	-20	54
60	-20	54
61	-21	55
61	-22	56
60	-22	56
60	-23	56
59	-23	56
59	-23	56
59	-22	55
60	-22	55
60	-23	56
59	-23	55
60	-24	55
60	-24	55
61	-25	56
62	-25	56
62	-26	57
62	-26	57
61	-26	57
59	-26	56
59	-28	57
58	-28	57
60	-29	58
59	-29	58
60	-29	58
61	-29	59
62	-29	58
63	-28	58
66	-28	57
67	-28	57
68	-27	57
69	-26	57
68	-25	57
67	-25	58
66	-26	58
66	-26	58
68	-25	58
70	-25	58
72	-25	58
72	-25	58
71	-24	58
71	-25	58
72	-25	58
73	-24	58
73	-24	57
74	-24	57
75	-24	56
76	-24	56
76	-24	55
76	-24	55
76	-23	54
76	-23	54
77	-23	53
63	-16	44
63	-16	44
62	-16	45
61	-16	46
60	-15	46
60	-15	46
60	-16	47
61	-16	47
61	-15	47
61	-15	47
62	-14	46
61	-15	47
61	-15	47
61	-15	48
61	-15	48
62	-15	48
61	-16	49
61	-16	49
61	-15	48
61	-15	48
61	-15	48
61	-16	49
61	-16	50
60	-17	51
59	-17	51
60	-17	52
60	-19	53
60	-19	53
58	-19	53
57	-18	53
57	-19	53
60	-19	53
61	-19	53
60	-19	54
60	-20	54
59	-20	54
58	-20	54
58	-20	54
58	-20	54
59	-20	54
60	-20	55
61	-22	56
60	-22	56
60	-23	56
59	-22	55
59	-22	55
59	-22	55
60	-22	55
60	-23	55
59	-23	55
59	-23	55
59	-23	55
60	-25	56
61	-25	56
61	-25	56
61	-25	56
61	-26	57
60	-26	56
58	-28	57
59	-30	57
60	-30	58
59	-29	58
60	-29	58
62	-29	58
62	-28	58
64	-29	58
67	-28	57
67	-28	56
69	-27	56
70	-26	57
69	-25	57
68	-25	58
67	-24	58
67	-24	58
68	-25	58
70	-25	58
72	-25	58
72	-25	58
71	-24	58
71	-24	58
72	-25	58
73	-24	58
72	-24	57
73	-24	57
75	-24	56
76	-24	56
76	-24	55
76	-24	55
76	-23	54
77	-23	54
77	-23	53
63	-16	44
62	-16	45
61	-16	45
61	-16	45
61	-15	46
60	-15	46
60	-15	46
61	-16	47
61	-15	47
61	-16	47
62	-14	46
61	-14	45
61	-15	46
61	-15	47
61	-15	48
62	-15	48
62	-15	49
62	-15	49
61	-15	48
62	-15	48
61	-15	48
61	-15	48
61	-16	49
60	-16	50
59	-17	51
59	-17	51
59	-18	52
58	-19	53
57	-19	52
56	-19	52
56	-19	53
58	-19	53
60	-19	53
61	-19	53
61	-20	54
60	-20	54
59	-20	54
58	-20	54
59	-20	54
60	-20	54
60	-20	55
61	-22	56
60	-22	55
59	-23	56
58	-22	55
58	-22	55
59	-22	55
60	-22	55
60	-23	55
59	-23	55
59	-23	55
59	-23	55
60	-25	56
61	-25	56
61	-25	56
61	-25	56
61	-26	57
60	-26	56
59	-28	57
59	-29	57
60	-30	58
59	-29	58
60	-29	58
62	-29	58
63	-28	58
64	-28	58
67	-27	56
67	-27	56
69	-25	56
70	-25	56
69	-25	57
68	-25	58
69	-24	58
69	-24	58
69	-25	58
71	-25	58
72	-25	58
72	-25	58
71	-25	58
71	-25	58
72	-25	58
73	-24	58
72	-24	57
73	-24	57
75	-24	56
76	-24	56
76	-24	55
76	-24	55
76	-23	54
78	-23	54
77	-24	52
63	-16	44
61	-16	45
61	-16	45
61	-16	45
61	-15	45
61	-15	45
61	-15	45
61	-15	46
62	-15	46
61	-15	47
61	-14	45
61	-14	45
61	-15	46
61	-15	47
62	-15	48
62	-15	48
61	-15	48
61	-15	48
61	-15	47
62	-15	47
62	-15	48
62	-15	48
62	-17	49
61	-16	50
59	-16	51
60	-17	52
59	-18	52
58	-19	52
57	-19	52
56	-18	52
56	-19	52
58	-18	52
60	-19	53
61	-19	53
61	-19	53
60	-19	54
59	-20	54
59	-20	54
60	-20	55
61	-20	55
60	-20	55
60	-22	56
60	-22	55
59	-23	56
58	-22	55
58	-22	55
58	-22	55
59	-22	55
59	-23	55
59	-23	55
59	-23	55
59	-23	55
61	-24	55
61	-24	55
61	-25	56
61	-25	56
61	-25	56
60	-26	56
60	-28	57
60	-29	57
61	-30	58
60	-30	58
60	-29	58
62	-29	58
63	-28	58
65	-28	58
67	-27	56
67	-27	56
69	-25	55
69	-25	56
69	-25	57
69	-25	58
69	-24	58
70	-25	59
70	-25	58
71	-25	57
72	-25	57
72	-25	57
72	-25	58
72	-25	58
73	-24	58
73	-24	58
73	-24	57
74	-24	57
75	-24	56
76	-24	56
76	-24	55
76	-24	55
76	-23	54
78	-23	54
77	-24	52
63	-16	45
62	-16	45
61	-16	45
62	-16	45
62	-15	45
62	-15	45
62	-15	45
62	-15	45
62	-15	46
62	-15	46
62	-14	46
62	-14	46
62	-15	46
62	-15	47
63	-16	48
62	-15	48
61	-15	48
61	-15	48
62	-15	48
63	-15	48
63	-16	48
62	-16	49
62	-17	49
61	-17	50
60	-17	51
60	-17	52
60	-19	52
58	-19	52
56	-19	52
56	-18	52
56	-19	52
57	-18	52
60	-19	53
61	-19	53
62	-19	53
61	-19	53
60	-19	54
61	-20	54
61	-19	54
62	-20	55
61	-19	55
60	-20	54
59	-22	55
58	-22	55
57	-22	55
57	-22	55
58	-22	55
59	-22	55
59	-23	55
59	-23	55
59	-23	55
60	-23	55
61	-24	55
62	-24	55
61	-25	56
61	-25	56
61	-25	56
60	-26	56
61	-27	57
61	-30	58
61	-29	58
60	-29	58
60	-29	58
62	-28	58
63	-29	58
65	-28	57
68	-27	56
68	-27	56
69	-25	55
70	-25	55
70	-25	56
69	-25	57
70	-24	57
71	-24	57
71	-25	57
72	-25	57
73	-25	56
72	-25	57
72	-25	57
73	-25	57
73	-24	57
73	-24	57
73	-24	56
74	-24	56
76	-24	56
76	-24	55
76	-24	55
76	-24	55
76	-23	54
76	-23	54
77	-24	53
64	-15	43
63	-15	43
62	-16	45
63	-16	44
63	-15	44
62	-15	45
62	-14	46
62	-14	46
63	-14	46
63	-15	46
62	-14	46
61	-14	46
61	-14	48
62	-14	47
63	-14	48
62	-14	48
62	-15	49
62	-15	49
62	-15	49
63	-15	50
63	-16	50
63	-16	50
61	-16	50
61	-16	51
61	-16	51
61	-17	52
61	-19	52
57	-20	51
56	-20	52
56	-19	51
56	-19	52
58	-19	52
61	-19	52
61	-19	52
60	-18	53
60	-17	53
60	-18	53
60	-19	54
61	-18	54
60	-19	54
61	-18	54
61	-19	55
59	-20	54
57	-21	54
56	-21	54
57	-21	54
58	-22	55
58	-22	54
58	-23	55
58	-23	55
59	-24	56
60	-24	56
61	-25	56
61	-25	56
61	-25	56
61	-25	56
62	-25	56
62	-26	57
61	-27	56
62	-28	58
61	-28	57
60	-28	57
60	-28	57
63	-27	57
65	-27	57
65	-27	57
67	-26	56
68	-25	56
70	-25	55
71	-25	55
70	-24	55
70	-24	55
70	-24	55
70	-24	55
72	-24	55
73	-25	56
72	-24	55
72	-25	56
73	-25	56
73	-25	56
74	-24	55
74	-24	55
74	-24	55
74	-24	55
75	-24	55
76	-23	54
76	-23	54
76	-23	54
77	-23	54
77	-23	54
77	-24	53
64	-15	43
62	-15	43
63	-16	44
63	-16	44
63	-15	44
63	-15	44
63	-14	45
63	-14	46
63	-14	46
63	-15	46
62	-14	46
61	-14	48
61	-14	48
63	-14	47
63	-15	48
63	-14	48
62	-15	49
62	-15	49
63	-15	50
62	-15	50
63	-16	51
63	-16	51
62	-16	51
62	-16	51
62	-16	51
61	-17	52
60	-20	52
56	-21	52
56	-20	51
57	-20	52
56	-19	52
58	-19	52
61	-19	52
61	-19	52
61	-17	53
60	-17	53
60	-18	53
60	-17	53
61	-18	54
61	-18	54
61	-18	54
61	-19	54
59	-20	54
58	-20	54
57	-21	54
57	-21	54
58	-22	54
58	-22	54
58	-23	55
58	-23	55
58	-24	55
60	-24	56
61	-25	56
62	-25	56
62	-25	56
62	-25	56
62	-25	56
62	-26	57
60	-27	56
61	-28	58
60	-28	57
60	-28	57
61	-27	56
62	-27	57
64	-26	57
65	-27	57
67	-25	56
68	-25	56
69	-25	55
70	-25	55
70	-24	55
70	-24	55
70	-24	54
70	-24	54
72	-24	55
72	-24	55
72	-24	55
73	-24	55
73	-24	55
73	-24	55
73	-24	54
73	-24	54
74	-23	54
75	-23	54
76	-23	54
76	-23	54
76	-23	54
76	-23	54
76	-23	54
76	-23	54
77	-24	53
64	-16	43
62	-16	43
62	-16	44
63	-16	44
63	-16	44
63	-16	44
64	-15	45
64	-15	45
64	-14	45
63	-15	46
62	-14	46
61	-14	48
62	-14	48
63	-14	47
64	-14	48
63	-14	48
63	-16	49
62	-16	49
63	-16	50
62	-16	50
63	-16	50
63	-16	50
62	-16	51
63	-16	51
63	-16	51
61	-17	51
58	-20	52
56	-21	52
57	-20	51
58	-20	52
56	-19	51
58	-19	52
61	-19	52
62	-19	52
62	-18	53
61	-17	53
60	-18	53
61	-17	53
61	-18	54
61	-18	54
61	-18	54
61	-19	54
60	-20	54
58	-21	54
57	-21	54
58	-21	54
58	-22	54
58	-22	54
58	-23	55
57	-24	54
57	-24	54
59	-24	55
61	-25	56
62	-25	56
62	-25	56
62	-25	56
62	-25	56
61	-26	57
61	-26	56
60	-28	57
60	-27	56
61	-27	56
61	-26	56
62	-26	57
64	-26	56
66	-26	56
68	-25	56
68	-25	56
68	-25	55
69	-25	55
70	-24	55
70	-24	55
71	-24	55
71	-24	54
72	-24	55
72	-24	55
72	-24	55
73	-24	55
73	-24	55
72	-24	55
72	-24	55
73	-24	55
74	-23	54
75	-23	54
76	-23	54
77	-23	54
77	-23	54
76	-23	54
76	-23	54
76	-23	54
77	-24	54
64	-16	43
61	-16	44
61	-16	45
62	-17	44
63	-16	44
63	-16	45
64	-15	45
64	-15	45
64	-14	45
63	-15	46
62	-14	47
62	-14	48
62	-14	47
63	-14	47
63	-15	48
63	-14	48
63	-16	49
63	-16	49
63	-16	50
62	-16	50
63	-16	50
63	-16	50
62	-16	51
62	-16	51
62	-16	51
60	-16	51
57	-20	51
56	-21	52
56	-20	51
58	-20	52
58	-19	52
60	-19	52
62	-19	52
62	-19	52
62	-17	53
61	-17	53
60	-18	53
60	-17	53
61	-18	54
61	-18	54
61	-18	54
61	-19	54
60	-20	54
59	-21	54
58	-21	54
59	-22	55
58	-22	54
58	-23	55
57	-24	54
56	-24	54
58	-24	55
59	-24	55
61	-25	56
62	-25	56
62	-25	56
62	-25	56
61	-25	56
61	-26	56
62	-27	56
61	-28	58
60	-27	56
60	-27	56
61	-27	56
63	-27	57
65	-27	56
67	-27	56
68	-25	56
68	-25	56
69	-25	55
69	-25	55
70	-24	55
70	-24	55
71	-24	54
72	-24	55
72	-24	55
72	-24	55
72	-24	55
73	-24	55
73	-24	55
72	-24	55
72	-24	55
73	-24	55
74	-23	54
75	-23	54
76	-23	54
76	-23	54
77	-23	54
77	-23	54
77	-23	54
77	-23	54
77	-24	54
64	-16	43
61	-16	44
60	-16	44
62	-16	44
63	-17	44
64	-16	44
64	-15	45
64	-15	45
64	-15	45
63	-16	47
63	-15	47
63	-15	48
63	-16	48
63	-15	48
63	-15	48
63	-15	48
63	-16	49
63	-16	49
63	-16	49
63	-16	49
63	-17	50
63	-17	50
61	-17	50
61	-17	50
61	-17	50
60	-18	51
56	-19	51
55	-19	51
56	-20	52
58	-20	52
60	-19	52
61	-19	52
62	-19	52
62	-19	52
62	-17	52
61	-17	52
60	-17	53
60	-17	53
61	-18	53
62	-18	53
61	-19	53
61	-19	54
61	-20	54
60	-21	54
60	-22	54
60	-22	54
59	-22	55
58	-23	55
57	-24	54
57	-24	54
59	-25	55
61	-25	55
62	-25	55
62	-25	55
62	-25	55
61	-25	55
61	-25	55
61	-26	56
62	-26	57
62	-27	57
61	-26	56
59	-26	56
61	-26	56
64	-26	57
66	-26	56
67	-26	56
67	-25	55
68	-25	55
69	-24	55
70	-24	55
69	-24	55
70	-24	55
70	-24	54
72	-24	54
73	-24	55
72	-24	55
71	-24	55
72	-24	55
72	-24	55
72	-24	55
72	-24	55
73	-24	55
75	-24	55
75	-24	55
76	-24	55
76	-24	55
76	-23	54
76	-23	54
77	-23	54
78	-23	54
78	-25	55
64	-16	43
61	-16	44
60	-16	44
62	-16	44
64	-16	43
64	-17	44
64	-16	45
63	-15	45
64	-15	45
64	-16	47
63	-15	47
63	-15	48
63	-15	48
63	-15	48
63	-15	48
63	-15	48
63	-15	49
63	-15	49
63	-16	49
63	-16	49
63	-16	50
62	-17	50
61	-17	50
61	-17	50
61	-17	50
60	-18	50
56	-19	51
55	-19	51
56	-20	52
58	-20	52
60	-19	52
61	-19	51
61	-18	51
62	-19	52
63	-17	52
61	-17	52
60	-17	53
60	-18	53
61	-17	53
61	-18	53
61	-19	53
61	-20	53
61	-20	54
61	-21	54
61	-22	54
60	-22	54
60	-23	55
58	-23	55
58	-24	54
59	-24	55
61	-25	55
61	-25	55
63	-25	55
63	-25	55
62	-25	55
62	-25	55
62	-25	55
61	-25	56
62	-26	56
62	-27	57
60	-27	56
59	-26	56
61	-26	56
64	-27	57
66	-26	56
66	-26	56
67	-25	55
69	-25	55
70	-24	55
70	-24	55
69	-24	55
69	-24	55
70	-24	55
70	-24	54
72	-24	55
71	-24	55
71	-24	55
72	-24	55
72	-24	55
72	-24	55
72	-24	55
74	-24	55
75	-24	55
75	-24	55
75	-24	55
76	-24	55
75	-23	54
76	-23	54
77	-23	54
77	-23	54
78	-25	55
64	-17	43
61	-17	43
60	-17	43
61	-18	44
63	-16	44
63	-17	44
63	-16	45
63	-16	45
63	-15	45
63	-15	47
63	-16	47
63	-16	48
63	-16	48
63	-16	48
63	-16	48
63	-16	48
63	-16	48
63	-16	48
63	-16	49
62	-17	49
61	-16	49
61	-16	49
60	-17	49
61	-17	49
61	-17	49
60	-18	50
56	-19	51
56	-20	51
57	-19	51
58	-19	51
61	-18	51
61	-18	51
61	-18	51
62	-18	51
63	-17	52
61	-17	52
60	-17	52
60	-17	52
61	-19	53
61	-19	53
61	-19	53
61	-20	53
61	-20	54
61	-21	54
61	-22	54
60	-22	54
59	-22	54
58	-22	54
58	-24	54
60	-24	54
61	-25	55
62	-25	55
63	-25	55
63	-25	55
63	-25	55
62	-25	55
62	-25	55
61	-25	56
61	-26	56
61	-26	56
60	-26	56
60	-26	56
62	-26	56
65	-27	56
66	-25	56
66	-25	56
67	-25	55
68	-25	55
69	-24	55
70	-24	55
69	-24	54
69	-24	54
70	-24	55
70	-24	54
71	-24	55
71	-24	55
72	-24	55
72	-24	55
72	-24	55
73	-24	55
73	-24	55
73	-24	55
74	-24	55
75	-24	55
75	-24	55
76	-24	55
76	-23	54
76	-23	54
77	-23	54
77	-23	54
78	-24	54
63	-17	43
61	-17	43
60	-17	43
61	-17	43
62	-16	43
63	-16	44
63	-16	44
63	-16	46
63	-15	45
62	-16	47
62	-16	48
62	-16	48
63	-16	48
63	-16	48
63	-16	48
63	-16	48
63	-16	48
63	-16	48
62	-17	49
60	-16	49
60	-16	49
60	-16	49
60	-17	49
61	-17	49
61	-17	49
59	-17	49
56	-18	50
57	-20	51
58	-19	51
59	-19	51
61	-18	51
61	-18	51
62	-18	51
63	-18	51
63	-17	51
62	-17	52
60	-17	52
60	-17	52
61	-19	53
60	-19	53
60	-19	53
61	-20	54
61	-20	53
61	-21	54
61	-22	54
60	-22	54
59	-22	54
58	-22	54
58	-24	54
59	-24	54
61	-25	55
62	-25	55
63	-25	55
63	-25	55
63	-25	55
63	-25	55
62	-25	55
61	-25	55
61	-26	56
60	-27	56
60	-26	56
61	-26	56
63	-26	56
65	-27	56
66	-25	56
67	-25	56
67	-25	55
68	-25	55
69	-24	55
70	-24	55
70	-24	55
70	-24	54
71	-24	55
71	-24	54
70	-24	55
71	-24	55
72	-24	55
72	-24	55
72	-24	55
73	-24	55
73	-24	55
73	-24	55
73	-24	55
74	-24	55
75	-24	55
76	-24	55
76	-23	54
77	-23	54
77	-23	54
78	-23	54
77	-24	54
63	-17	42
61	-17	42
61	-17	43
62	-17	43
63	-16	44
64	-16	43
64	-16	44
64	-16	44
63	-15	45
63	-16	47
62	-16	48
62	-16	48
62	-16	48
62	-16	48
63	-16	48
63	-16	48
62	-16	48
61	-16	48
61	-16	48
61	-16	48
60	-17	48
59	-17	48
60	-17	49
61	-17	49
61	-17	49
60	-17	49
58	-18	50
58	-18	50
58	-18	50
60	-18	50
61	-18	51
61	-18	51
62	-17	51
63	-17	52
62	-17	52
62	-17	52
61	-19	52
61	-19	52
61	-19	52
61	-19	52
60	-19	52
60	-20	53
61	-20	54
61	-21	54
61	-22	53
60	-21	53
59	-22	53
58	-22	53
59	-24	54
60	-24	54
61	-25	55
62	-25	55
63	-25	55
63	-25	55
64	-25	55
63	-25	55
61	-25	55
61	-25	55
61	-26	56
61	-26	56
61	-26	56
62	-26	56
64	-25	55
66	-25	55
67	-25	55
67	-25	55
67	-25	55
67	-25	55
68	-24	55
69	-24	55
69	-24	54
70	-24	55
70	-24	54
70	-24	54
71	-24	54
72	-24	55
72	-24	55
72	-24	55
72	-24	55
72	-24	55
73	-24	55
74	-24	55
74	-24	55
75	-24	55
76	-23	54
76	-23	54
76	-23	54
76	-23	54
77	-23	53
77	-23	53
78	-24	53
63	-17	42
61	-17	42
62	-17	42
62	-17	43
63	-16	43
64	-16	43
64	-16	44
64	-16	44
63	-15	45
63	-15	45
63	-16	47
63	-16	47
63	-16	47
63	-16	48
64	-16	48
63	-16	48
62	-16	48
61	-16	48
61	-16	48
60	-16	48
59	-17	48
59	-17	48
60	-17	49
61	-17	49
61	-17	49
61	-17	49
60	-18	50
60	-18	50
60	-18	50
61	-18	50
62	-18	51
62	-18	51
62	-17	51
63	-17	51
63	-17	52
62	-17	52
61	-18	51
61	-19	52
62	-19	52
62	-19	52
61	-19	52
60	-19	52
61	-20	53
62	-21	53
61	-21	53
60	-22	53
59	-22	53
59	-22	53
60	-22	54
61	-24	55
61	-24	55
61	-25	55
63	-25	55
63	-25	55
63	-25	55
63	-25	55
62	-25	55
61	-25	55
63	-26	55
62	-26	56
62	-26	56
63	-26	56
65	-25	55
67	-25	55
67	-25	55
67	-25	55
68	-25	55
68	-25	55
69	-24	55
69	-24	55
70	-24	55
70	-24	55
70	-24	54
70	-24	54
72	-24	54
72	-24	55
72	-24	54
72	-24	55
72	-24	55
72	-24	55
73	-24	55
74	-24	55
74	-24	55
75	-24	55
76	-23	54
76	-23	54
76	-23	54
76	-23	54
77	-23	53
77	-23	53
77	-24	52
64	-17	41
62	-17	42
63	-17	42
63	-17	43
63	-16	43
63	-16	43
64	-16	44
64	-16	44
64	-15	45
63	-15	45
63	-15	47
63	-16	47
63	-16	48
63	-16	48
64	-16	47
63	-16	48
62	-16	48
61	-16	48
61	-16	48
60	-16	48
59	-16	48
59	-16	48
60	-17	49
61	-17	49
61	-17	49
61	-17	49
61	-18	50
61	-18	50
61	-18	50
62	-18	50
63	-17	50
63	-17	50
63	-17	51
63	-17	51
63	-17	51
62	-17	52
61	-18	51
61	-18	51
61	-18	51
61	-18	51
61	-19	52
61	-19	52
62	-20	54
63	-21	53
62	-21	54
60	-22	53
60	-22	53
60	-22	54
61	-22	54
61	-24	54
61	-24	54
62	-24	54
63	-24	54
63	-24	54
63	-25	55
63	-25	55
63	-25	55
63	-25	55
63	-25	55
62	-25	55
62	-25	55
63	-25	55
65	-25	55
66	-25	55
67	-25	55
67	-25	55
68	-25	55
68	-25	55
69	-24	55
69	-24	54
70	-24	55
70	-24	55
70	-24	54
70	-24	54
72	-24	54
72	-24	55
72	-24	54
72	-24	54
72	-24	54
73	-24	54
74	-24	55
74	-24	55
75	-24	55
76	-24	55
76	-23	54
76	-23	54
76	-23	53
77	-23	53
77	-23	52
76	-23	52
77	-24	53
64	-17	41
63	-17	41
63	-17	42
63	-17	42
63	-16	43
63	-16	43
64	-16	43
65	-16	44
64	-15	45
64	-15	45
64	-16	47
63	-16	47
63	-16	47
63	-16	48
64	-16	47
63	-16	48
63	-16	47
62	-16	48
61	-16	48
61	-16	48
60	-16	48
60	-16	48
60	-17	49
61	-17	49
61	-17	49
61	-17	49
61	-18	50
61	-18	50
62	-18	50
62	-18	50
63	-16	50
63	-17	50
63	-17	51
64	-17	51
63	-17	51
62	-17	51
61	-18	51
61	-18	51
61	-18	51
61	-18	51
61	-19	52
61	-19	52
62	-19	53
63	-20	53
62	-21	54
60	-21	54
60	-21	54
61	-21	53
62	-23	54
61	-22	53
61	-24	54
63	-24	54
64	-24	54
63	-25	54
63	-25	55
63	-25	55
64	-25	55
64	-25	55
63	-25	55
63	-25	55
63	-25	55
63	-25	55
65	-25	55
66	-25	55
67	-25	55
67	-25	55
68	-25	55
68	-25	55
69	-24	55
69	-24	55
70	-24	55
70	-24	55
70	-24	54
71	-24	54
72	-24	54
72	-24	54
72	-24	54
72	-24	54
73	-24	54
73	-24	54
74	-24	55
74	-24	55
75	-24	55
76	-24	55
76	-23	54
76	-23	54
76	-23	53
77	-23	53
77	-23	52
76	-23	52
78	-24	53
64	-15	41
62	-15	41
62	-15	41
62	-16	42
63	-16	43
63	-16	43
64	-16	43
65	-16	44
64	-15	45
64	-15	45
65	-15	45
65	-15	46
64	-15	46
64	-15	46
64	-15	46
64	-15	46
64	-16	47
64	-16	47
62	-16	48
61	-16	48
61	-16	48
61	-16	48
61	-16	49
61	-16	49
61	-16	49
61	-16	49
62	-17	49
62	-17	49
63	-16	49
63	-16	49
63	-17	50
64	-17	50
64	-17	50
63	-17	50
63	-17	51
62	-17	51
61	-18	51
61	-18	51
62	-18	51
62	-18	51
62	-19	52
62	-19	53
62	-19	53
63	-19	52
62	-19	53
61	-21	53
61	-21	53
62	-21	53
63	-22	54
62	-23	54
62	-23	54
63	-24	54
64	-24	54
64	-24	54
63	-24	54
63	-24	54
64	-24	54
65	-24	55
65	-25	55
64	-25	55
64	-25	55
65	-25	55
66	-25	55
67	-25	55
67	-25	55
68	-25	55
68	-24	55
68	-24	55
69	-24	55
69	-24	55
69	-24	54
70	-24	55
70	-24	54
71	-24	55
72	-24	54
72	-24	54
72	-24	54
72	-24	54
73	-24	54
74	-24	54
74	-24	54
74	-24	54
74	-23	54
75	-23	54
76	-23	53
76	-23	53
77	-23	52
77	-23	52
77	-22	51
77	-23	52
78	-24	54
64	-15	41
62	-15	41
61	-15	41
62	-16	42
63	-15	42
64	-16	43
64	-16	43
65	-16	44
64	-15	45
65	-15	45
66	-15	45
65	-15	45
65	-15	46
65	-15	46
65	-15	46
65	-15	46
65	-16	47
64	-16	47
63	-16	48
62	-16	48
61	-16	48
61	-16	48
62	-17	49
62	-17	49
63	-16	49
63	-16	49
63	-17	49
64	-17	49
64	-16	49
64	-16	49
64	-17	50
64	-17	50
64	-17	50
63	-16	50
63	-17	51
61	-17	51
61	-18	51
61	-18	51
62	-18	51
61	-18	51
61	-19	51
62	-19	52
62	-19	52
63	-19	52
63	-19	52
62	-19	53
62	-21	52
63	-21	52
63	-22	53
63	-23	54
63	-22	54
63	-22	54
64	-24	54
64	-24	54
63	-24	54
63	-24	54
64	-24	54
64	-24	54
65	-25	55
65	-25	55
65	-25	55
66	-25	55
67	-25	55
67	-25	55
67	-25	55
68	-25	55
69	-24	55
69	-24	55
69	-24	55
69	-24	55
69	-24	55
69	-24	54
70	-24	55
70	-24	54
72	-23	52
72	-24	52
72	-23	52
73	-24	54
73	-24	54
74	-24	54
74	-24	54
75	-24	54
74	-23	54
75	-23	54
76	-23	53
76	-23	53
77	-23	52
78	-23	52
77	-22	51
77	-23	52
78	-24	54
64	-15	41
62	-15	41
62	-15	41
63	-15	42
63	-15	42
64	-15	43
65	-15	43
64	-15	44
64	-15	45
65	-15	45
65	-15	45
65	-15	45
65	-15	45
65	-15	45
65	-15	46
65	-15	46
65	-15	47
64	-15	47
64	-16	48
64	-15	48
63	-16	49
63	-16	49
63	-16	49
63	-16	49
63	-17	50
63	-17	50
64	-16	49
64	-17	49
64	-17	49
64	-17	49
64	-17	50
65	-17	50
64	-17	50
63	-17	50
62	-17	51
61	-17	51
61	-18	51
61	-18	51
62	-19	52
62	-19	52
61	-19	52
61	-19	51
63	-19	53
63	-19	52
63	-19	52
63	-19	52
63	-21	52
63	-21	52
63	-21	53
64	-22	53
63	-22	54
64	-23	54
64	-23	54
64	-23	54
63	-22	54
63	-22	54
64	-23	54
64	-24	54
65	-25	55
65	-25	55
66	-25	55
66	-25	55
67	-25	55
67	-25	55
67	-25	55
67	-25	55
68	-24	55
69	-24	55
69	-24	55
69	-24	55
69	-24	55
69	-24	54
70	-24	54
71	-24	54
72	-24	52
72	-23	52
73	-24	52
74	-24	54
73	-24	54
74	-24	54
75	-24	54
75	-24	54
74	-23	54
76	-23	54
77	-23	53
77	-23	53
77	-23	52
77	-22	51
77	-22	51
77	-23	52
77	-24	55
65	-15	41
63	-15	41
62	-15	41
63	-16	42
64	-15	43
65	-15	43
65	-15	43
64	-15	44
65	-15	44
65	-15	45
65	-15	45
65	-15	45
66	-15	45
66	-15	45
66	-15	45
65	-15	46
65	-15	46
65	-15	47
65	-15	47
65	-15	48
64	-16	48
64	-16	49
63	-16	49
63	-16	49
63	-17	50
62	-17	49
63	-16	49
64	-16	49
64	-17	49
64	-17	49
65	-17	49
65	-17	50
65	-17	50
64	-17	50
63	-17	50
61	-17	51
61	-18	51
62	-18	51
63	-19	52
62	-19	52
61	-19	51
62	-19	52
63	-19	52
63	-19	52
63	-19	52
64	-19	52
63	-21	52
62	-21	52
63	-22	53
64	-22	53
64	-23	53
64	-23	53
65	-23	53
64	-23	54
64	-23	54
64	-23	54
64	-23	54
65	-23	54
65	-24	54
66	-25	55
67	-25	55
67	-25	55
67	-25	55
66	-25	55
67	-25	55
67	-25	55
67	-24	55
68	-24	55
68	-24	55
69	-24	55
69	-24	55
70	-24	55
71	-24	55
72	-24	54
72	-24	52
73	-23	52
74	-23	52
74	-23	52
74	-24	54
74	-24	53
75	-24	54
76	-24	54
75	-23	54
76	-23	54
78	-23	53
78	-23	53
77	-23	52
77	-22	51
77	-22	51
78	-23	52
77	-24	55
65	-16	42
63	-16	42
61	-16	42
62	-16	42
63	-15	43
64	-15	43
64	-15	43
65	-16	45
65	-15	44
65	-15	44
65	-15	44
66	-16	44
66	-15	44
66	-15	45
66	-15	45
65	-15	46
64	-14	46
66	-14	47
66	-14	47
65	-15	48
64	-15	48
64	-16	48
64	-16	49
63	-17	49
63	-17	49
63	-16	49
64	-16	48
64	-15	48
64	-16	48
65	-15	48
65	-15	48
65	-16	49
65	-17	49
64	-17	50
64	-17	50
62	-17	50
61	-18	51
61	-18	51
63	-19	52
62	-19	52
62	-19	52
63	-19	52
63	-19	52
64	-20	53
64	-19	52
64	-19	52
63	-20	52
63	-20	52
64	-22	52
64	-22	52
63	-22	52
64	-22	52
64	-22	52
65	-23	53
65	-23	53
65	-23	53
65	-23	53
65	-23	54
65	-23	54
66	-24	55
67	-24	55
67	-24	55
67	-25	55
67	-25	55
67	-25	55
68	-25	55
69	-25	55
69	-25	55
69	-25	55
69	-25	55
70	-24	54
70	-24	54
71	-23	54
71	-23	54
72	-24	54
73	-24	54
74	-24	53
73	-24	54
73	-24	54
74	-24	53
75	-24	53
75	-24	54
76	-24	53
76	-24	53
77	-24	53
78	-24	53
78	-24	53
78	-23	52
78	-23	52
78	-24	53
77	-24	55
65	-16	42
64	-16	41
62	-16	42
63	-16	42
64	-15	43
65	-15	43
65	-16	43
65	-16	43
65	-15	44
65	-15	44
65	-16	44
65	-16	44
66	-16	44
65	-15	44
66	-15	45
65	-15	45
65	-14	46
66	-14	46
66	-14	47
65	-14	47
64	-16	48
64	-15	48
63	-16	48
63	-17	49
64	-17	49
65	-16	48
65	-15	47
65	-14	47
65	-15	48
65	-15	48
65	-15	48
65	-15	48
65	-17	49
65	-17	49
65	-17	50
63	-16	50
62	-18	51
63	-18	51
63	-19	51
63	-19	52
63	-19	52
63	-19	52
63	-19	52
64	-20	53
64	-19	52
63	-19	52
63	-20	52
63	-20	52
64	-22	52
64	-22	52
64	-22	51
64	-22	51
65	-22	52
65	-22	52
65	-23	53
65	-23	53
65	-23	53
65	-23	54
66	-23	54
67	-23	55
67	-24	55
67	-24	55
67	-25	55
67	-25	55
67	-25	55
68	-25	55
69	-25	55
69	-25	55
69	-25	55
70	-25	55
70	-24	54
71	-24	54
71	-23	54
72	-23	54
72	-24	54
74	-24	54
74	-24	53
74	-24	54
73	-24	54
74	-24	53
75	-24	54
75	-24	54
76	-24	53
76	-24	53
76	-24	53
77	-24	53
78	-24	53
78	-24	53
78	-24	53
78	-24	54
76	-24	54
66	-15	41
65	-15	42
64	-16	42
64	-16	41
65	-15	43
65	-15	43
65	-15	43
65	-16	43
65	-15	44
65	-15	44
65	-16	45
65	-16	44
65	-15	44
65	-15	44
66	-15	45
65	-15	45
65	-14	46
67	-14	46
66	-14	47
66	-14	47
65	-15	47
64	-15	48
63	-16	48
63	-16	48
64	-17	48
66	-16	48
65	-15	47
65	-15	47
65	-15	47
65	-15	47
66	-15	48
66	-15	48
66	-17	49
66	-16	49
66	-18	50
64	-18	50
63	-18	50
63	-18	51
64	-19	51
64	-19	51
63	-19	51
64	-19	52
64	-19	52
64	-19	52
64	-19	52
64	-19	52
63	-20	52
63	-20	52
63	-21	51
64	-21	51
64	-22	51
65	-22	51
65	-22	52
65	-22	52
65	-22	52
65	-22	52
66	-23	53
66	-23	54
67	-23	54
67	-23	54
67	-24	55
67	-24	55
67	-24	55
67	-24	55
68	-25	55
69	-25	55
69	-25	55
69	-25	55
69	-24	54
70	-24	54
71	-24	54
72	-24	54
72	-23	53
72	-23	53
73	-24	54
74	-24	54
74	-24	53
74	-24	54
74	-24	54
74	-24	54
75	-24	54
75	-24	54
75	-24	53
76	-24	53
76	-24	53
77	-24	53
78	-24	53
78	-24	53
78	-24	53
78	-24	54
77	-23	54
66	-15	41
66	-15	41
65	-16	42
66	-16	43
66	-15	43
66	-15	43
65	-15	43
65	-15	43
65	-15	44
65	-15	44
65	-16	44
66	-16	44
65	-15	44
65	-15	44
66	-15	45
65	-15	45
65	-14	46
67	-14	46
66	-14	47
66	-14	47
65	-15	47
65	-15	47
63	-16	48
63	-16	48
64	-17	48
66	-17	48
66	-15	47
66	-15	47
65	-15	47
65	-15	47
66	-15	47
66	-16	48
66	-16	48
66	-17	49
66	-17	49
65	-18	50
63	-18	50
63	-18	50
64	-18	50
64	-19	51
64	-19	51
64	-19	51
65	-19	52
65	-19	52
65	-19	52
65	-19	52
64	-21	52
64	-20	52
64	-21	51
65	-21	51
65	-22	51
65	-22	51
65	-22	52
65	-22	52
65	-22	52
65	-22	52
66	-23	53
67	-23	53
68	-23	54
68	-23	55
67	-24	55
67	-24	55
67	-24	55
68	-24	55
69	-25	55
70	-25	55
70	-25	55
70	-25	55
70	-24	55
71	-24	55
72	-24	54
72	-24	54
72	-23	53
73	-23	54
73	-24	54
74	-24	54
74	-24	53
74	-24	53
74	-24	53
74	-24	54
75	-24	53
75	-24	54
75	-24	53
76	-24	53
76	-24	53
77	-24	53
77	-24	53
78	-24	53
78	-24	53
78	-24	54
78	-23	54
65	-15	42
66	-15	41
66	-16	43
66	-16	43
66	-15	43
66	-15	43
66	-15	43
65	-16	44
65	-15	44
65	-15	44
65	-16	45
65	-16	45
64	-15	45
64	-15	45
66	-15	45
65	-15	45
65	-15	46
67	-15	46
66	-15	46
66	-15	46
66	-15	46
65	-15	47
64	-16	47
63	-16	48
64	-17	47
65	-17	47
67	-15	46
66	-15	46
65	-15	46
65	-15	47
66	-16	47
67	-16	48
67	-16	48
66	-16	49
66	-17	49
65	-17	49
64	-17	49
64	-18	50
64	-18	50
64	-18	50
64	-18	50
64	-19	51
65	-19	52
65	-19	52
65	-20	52
65	-20	52
64	-20	51
63	-20	51
64	-21	51
65	-21	51
65	-22	51
66	-22	51
66	-22	52
66	-22	52
65	-22	52
66	-22	52
67	-22	52
67	-23	53
68	-23	54
68	-23	54
67	-23	54
67	-23	54
67	-24	55
68	-24	55
70	-24	55
70	-24	55
70	-24	55
70	-24	55
70	-24	54
71	-24	54
72	-23	53
72	-23	53
72	-23	53
73	-23	53
74	-23	53
74	-23	53
74	-23	53
74	-23	53
74	-23	53
74	-23	53
74	-23	53
75	-23	53
76	-23	53
76	-23	53
76	-23	53
77	-23	53
77	-23	53
77	-23	53
77	-23	53
77	-23	54
78	-23	54
65	-16	42
66	-15	41
66	-16	43
66	-16	43
66	-15	43
66	-15	43
66	-16	44
65	-16	44
65	-15	44
65	-15	44
64	-16	45
64	-16	45
64	-15	45
64	-15	45
65	-15	45
65	-15	45
65	-15	46
67	-15	46
66	-15	46
67	-15	46
67	-15	46
67	-15	46
66	-16	47
65	-16	47
65	-17	48
66	-17	47
67	-15	46
66	-15	46
66	-15	46
66	-15	46
67	-16	47
67	-16	47
67	-16	47
66	-16	48
67	-17	48
65	-17	49
64	-17	49
64	-17	49
65	-18	49
65	-18	50
65	-18	50
65	-19	50
65	-19	51
65	-19	52
65	-21	52
65	-21	52
63	-20	51
63	-20	51
63	-21	51
65	-21	51
65	-22	51
66	-22	51
67	-22	52
67	-22	52
66	-22	52
66	-22	52
67	-22	52
68	-22	52
69	-23	53
69	-23	54
68	-23	54
67	-23	54
66	-24	55
67	-24	55
69	-24	55
69	-24	54
70	-24	54
70	-24	54
70	-24	54
72	-24	54
72	-23	53
72	-23	53
73	-23	53
74	-23	53
74	-23	53
74	-23	53
74	-23	53
74	-23	53
74	-23	53
74	-23	53
74	-23	53
75	-23	53
76	-23	53
76	-23	53
76	-23	53
77	-23	53
77	-23	53
77	-23	53
77	-23	53
77	-23	54
78	-24	55
65	-16	42
66	-15	41
66	-16	43
66	-16	43
67	-16	43
66	-15	43
66	-16	44
65	-16	44
65	-15	44
65	-15	44
65	-16	45
65	-16	45
64	-15	45
64	-15	45
65	-15	45
65	-15	45
65	-15	45
66	-15	45
67	-15	46
67	-15	46
67	-16	46
67	-16	46
67	-16	46
66	-16	46
66	-16	46
66	-17	46
67	-15	45
66	-15	45
66	-16	46
67	-16	46
67	-16	46
67	-16	47
67	-16	47
66	-16	47
66	-17	47
65	-17	48
64	-17	48
64	-17	49
65	-18	49
65	-18	49
65	-18	49
65	-18	50
65	-19	51
65	-19	51
64	-20	51
64	-20	51
63	-21	51
62	-21	51
63	-21	51
65	-21	51
65	-22	51
66	-22	51
67	-22	51
67	-22	51
67	-22	52
67	-22	52
67	-22	52
68	-22	52
69	-23	53
69	-23	53
69	-23	54
67	-23	54
66	-23	54
67	-23	54
69	-24	54
69	-24	54
70	-24	54
70	-24	54
70	-23	54
71	-23	54
72	-23	53
72	-23	53
73	-23	53
74	-23	53
74	-23	53
74	-23	53
74	-23	53
74	-23	53
75	-23	52
74	-23	53
75	-23	52
75	-23	52
76	-23	53
76	-23	53
76	-23	53
76	-23	53
77	-23	53
77	-23	53
77	-23	54
77	-23	54
78	-24	55
65	-15	42
66	-15	41
66	-16	43
67	-16	43
67	-15	43
66	-15	43
65	-15	43
65	-16	44
65	-15	44
65	-15	44
66	-16	45
66	-16	45
65	-15	45
65	-15	45
65	-15	45
65	-15	45
65	-14	45
66	-15	45
66	-15	46
66	-15	46
67	-16	46
67	-16	46
67	-16	46
66	-16	46
66	-16	46
67	-16	46
67	-15	45
67	-15	45
67	-16	46
67	-16	46
67	-16	46
67	-16	46
67	-16	47
66	-16	47
66	-17	47
65	-17	48
64	-17	48
64	-17	48
65	-18	48
65	-18	49
65	-18	49
65	-18	49
65	-18	50
65	-19	51
64	-20	51
64	-20	51
63	-21	51
62	-21	51
63	-21	51
65	-21	51
65	-22	51
67	-22	51
67	-22	51
67	-22	51
67	-22	52
67	-22	52
67	-22	52
68	-22	52
68	-22	52
69	-23	53
69	-23	53
67	-23	54
66	-23	54
67	-23	54
69	-24	54
70	-24	54
70	-24	54
70	-24	54
70	-23	54
71	-23	54
72	-23	53
72	-23	53
74	-23	53
75	-23	52
74	-23	53
74	-23	53
74	-23	53
75	-23	52
75	-23	52
75	-23	52
75	-23	52
76	-23	52
76	-23	53
76	-23	53
76	-23	53
76	-23	53
77	-23	53
77	-23	53
77	-23	54
77	-23	54
78	-24	55
66	-16	42
67	-16	41
67	-16	41
67	-16	43
66	-15	43
66	-15	43
66	-15	43
66	-15	43
65	-15	44
65	-15	44
65	-15	45
65	-15	45
66	-15	45
66	-15	45
65	-15	45
65	-15	45
65	-15	45
65	-15	45
66	-15	45
67	-15	45
67	-15	45
67	-15	45
67	-15	45
66	-15	45
66	-15	45
66	-15	45
67	-15	45
66	-15	45
66	-15	45
66	-15	45
67	-16	46
67	-16	46
66	-17	46
66	-16	46
67	-17	47
65	-17	48
64	-17	47
64	-17	48
65	-17	48
66	-17	48
66	-18	48
65	-18	49
65	-18	50
65	-19	50
65	-20	50
64	-20	50
64	-21	50
63	-21	50
63	-21	51
65	-21	51
66	-22	51
67	-22	51
67	-22	51
67	-22	51
67	-22	51
67	-22	51
67	-21	51
68	-21	52
68	-22	52
69	-23	53
68	-23	53
68	-23	53
68	-23	53
69	-23	53
70	-23	54
70	-23	54
70	-23	54
70	-23	54
70	-23	54
71	-23	54
72	-23	53
72	-23	53
73	-23	53
73	-23	53
74	-22	51
75	-22	51
76	-22	51
75	-22	51
75	-22	52
76	-22	52
76	-22	52
75	-22	52
76	-22	53
76	-22	53
76	-22	53
76	-22	53
76	-22	53
77	-22	53
78	-23	54
78	-23	54
78	-23	54
66	-16	42
67	-16	41
67	-16	41
66	-16	42
66	-15	42
66	-15	43
66	-15	43
66	-15	43
65	-15	43
65	-15	44
65	-15	44
65	-15	45
66	-15	45
65	-15	45
65	-15	45
65	-15	45
66	-15	45
66	-15	45
67	-15	45
67	-15	45
67	-15	45
67	-15	45
67	-15	45
66	-15	45
66	-15	45
67	-15	45
67	-15	45
66	-15	45
66	-15	45
66	-15	45
67	-16	46
67	-16	46
66	-17	46
66	-16	46
67	-17	47
66	-17	47
65	-17	48
64	-17	47
65	-17	48
66	-17	48
66	-18	48
65	-18	48
65	-18	49
65	-18	50
65	-20	50
65	-20	50
64	-21	50
63	-21	50
64	-21	51
65	-21	51
66	-22	51
66	-22	51
67	-22	51
67	-22	51
67	-22	51
67	-22	51
67	-21	51
68	-21	51
69	-22	52
69	-22	52
69	-23	53
69	-23	53
69	-23	53
70	-23	53
70	-23	54
70	-23	54
71	-23	54
71	-23	54
71	-23	54
72	-23	54
72	-23	53
73	-23	53
73	-23	53
74	-23	53
74	-22	51
75	-22	51
75	-22	51
75	-22	51
75	-22	52
76	-22	52
76	-22	52
76	-22	52
76	-22	53
76	-22	53
76	-22	53
76	-22	53
76	-22	53
77	-22	53
78	-23	54
78	-23	54
78	-23	54
66	-15	41
66	-15	41
67	-15	40
67	-16	41
66	-15	42
66	-15	43
66	-15	43
66	-15	43
66	-15	43
65	-15	44
66	-15	44
66	-15	44
65	-15	44
65	-15	44
65	-15	45
65	-15	45
66	-15	45
67	-15	45
66	-15	45
66	-15	45
67	-15	45
67	-15	45
66	-15	45
66	-15	45
66	-15	45
66	-15	45
66	-15	45
66	-15	45
66	-15	45
66	-15	45
66	-17	46
66	-17	46
67	-16	46
67	-16	46
67	-17	47
67	-17	47
67	-17	47
65	-17	47
65	-17	48
65	-17	47
66	-18	48
66	-18	48
66	-20	49
65	-20	49
65	-20	49
65	-20	49
65	-21	50
64	-21	50
64	-22	50
65	-22	51
66	-22	51
66	-22	51
67	-22	51
67	-22	51
67	-21	51
67	-21	51
68	-21	50
68	-21	51
69	-22	52
69	-22	52
69	-22	52
69	-22	52
69	-22	53
70	-22	53
70	-22	52
70	-22	52
71	-22	52
71	-22	52
71	-22	52
72	-22	52
72	-23	53
73	-23	53
73	-22	51
74	-22	51
74	-22	51
75	-22	51
75	-22	51
75	-22	51
75	-22	51
75	-22	51
76	-23	52
76	-23	52
76	-23	53
76	-23	53
75	-23	53
76	-23	53
76	-23	53
77	-23	53
78	-23	54
78	-23	54
78	-23	54
67	-15	40
67	-15	40
67	-15	40
67	-15	40
66	-15	42
66	-15	42
67	-15	43
67	-15	43
66	-15	43
66	-15	43
67	-15	44
66	-15	44
66	-15	44
66	-15	44
65	-15	45
65	-15	45
66	-15	45
66	-15	45
66	-15	45
66	-15	45
66	-15	45
66	-15	45
66	-15	45
66	-15	45
66	-15	45
66	-15	45
66	-15	45
66	-15	45
67	-15	45
66	-15	45
66	-17	46
66	-17	46
67	-16	46
67	-16	46
67	-17	47
67	-17	47
67	-17	47
66	-17	47
65	-17	47
65	-17	47
66	-18	48
66	-18	48
65	-19	48
65	-20	49
65	-20	49
66	-20	49
66	-21	49
65	-21	50
65	-22	51
66	-22	50
66	-22	51
67	-22	51
67	-22	51
68	-22	51
68	-21	51
67	-21	51
68	-21	50
69	-21	50
68	-22	51
69	-22	52
69	-22	52
69	-22	52
70	-22	52
70	-22	53
70	-22	52
70	-22	52
71	-22	52
71	-22	52
71	-22	52
72	-22	52
72	-23	53
73	-23	53
73	-22	51
74	-22	51
74	-22	51
74	-22	51
74	-22	51
74	-22	51
75	-22	51
75	-22	51
76	-23	52
77	-23	52
76	-23	53
76	-23	53
75	-23	53
76	-23	53
77	-23	53
78	-23	53
78	-23	54
78	-23	54
77	-23	54
67	-15	39
67	-15	39
67	-15	40
66	-15	41
66	-15	42
66	-15	42
67	-15	43
67	-15	43
67	-14	42
66	-15	43
66	-15	44
66	-15	44
66	-15	44
66	-15	44
66	-15	44
66	-15	44
66	-15	44
65	-15	44
66	-15	45
66	-15	45
66	-15	45
66	-15	45
66	-15	45
66	-15	45
66	-15	45
66	-15	45
66	-16	45
66	-16	45
67	-16	46
66	-17	46
66	-16	46
66	-16	46
66	-17	46
67	-16	46
67	-17	47
67	-17	47
67	-17	47
66	-17	47
66	-17	47
66	-17	47
66	-17	47
66	-18	48
65	-19	48
65	-19	48
65	-19	48
66	-20	49
66	-21	49
66	-21	49
66	-22	50
67	-22	50
67	-22	51
67	-22	51
68	-22	51
69	-22	51
68	-21	50
67	-21	50
68	-21	50
69	-21	50
68	-22	51
69	-22	51
69	-22	51
69	-22	52
70	-22	52
70	-21	52
70	-21	52
70	-21	52
71	-21	52
71	-21	52
71	-22	52
72	-22	52
72	-22	51
73	-22	51
73	-22	51
74	-22	51
74	-22	51
74	-22	51
74	-22	51
74	-22	51
74	-22	51
75	-22	51
76	-23	52
77	-23	52
77	-23	52
76	-23	52
76	-23	53
76	-23	53
77	-23	53
78	-23	53
78	-23	54
78	-23	54
77	-23	54
67	-15	39
67	-15	39
66	-15	39
66	-15	41
66	-15	40
66	-15	42
66	-15	42
66	-15	43
66	-14	42
66	-14	42
66	-15	43
66	-15	44
67	-15	44
67	-15	44
67	-15	44
67	-15	44
67	-15	44
66	-15	44
67	-15	45
67	-15	45
67	-15	45
66	-15	45
66	-15	45
67	-15	45
66	-15	45
66	-15	45
66	-16	45
66	-16	45
66	-17	46
66	-17	46
66	-16	46
66	-16	46
66	-17	46
67	-16	46
67	-17	47
67	-17	47
67	-17	47
66	-17	47
67	-17	47
67	-17	47
67	-17	47
65	-18	47
65	-18	48
65	-19	48
65	-19	48
66	-19	48
67	-21	49
66	-21	49
66	-22	51
67	-22	50
68	-22	51
67	-22	51
68	-22	51
69	-22	51
68	-21	50
67	-21	50
68	-21	50
69	-21	50
69	-22	51
69	-22	51
70	-22	51
70	-22	51
70	-22	52
70	-21	52
71	-21	52
71	-21	52
72	-21	52
72	-21	52
72	-22	52
72	-22	52
72	-22	51
73	-22	51
74	-22	51
74	-22	51
74	-22	51
74	-22	51
74	-22	51
74	-22	51
74	-22	51
75	-22	51
76	-23	52
76	-23	52
77	-23	52
76	-23	52
76	-23	53
77	-23	53
78	-23	53
78	-23	53
78	-23	54
78	-23	54
77	-23	54
67	-14	39
67	-15	39
67	-15	39
67	-15	40
66	-14	40
67	-15	42
67	-15	42
67	-15	42
67	-14	42
67	-14	42
67	-15	43
67	-15	43
67	-15	43
67	-15	43
67	-15	44
67	-15	44
67	-15	44
67	-15	44
68	-15	44
67	-15	44
67	-15	45
67	-15	45
67	-15	45
67	-15	45
67	-15	45
66	-15	45
67	-16	46
66	-17	46
66	-17	46
66	-16	46
66	-16	46
66	-16	46
66	-17	46
67	-16	46
67	-17	47
67	-17	47
67	-17	47
67	-17	47
67	-17	47
67	-17	47
66	-17	47
65	-18	47
65	-18	47
65	-19	48
65	-19	48
66	-19	48
67	-21	49
66	-21	49
66	-22	50
66	-22	51
68	-22	50
67	-22	50
67	-21	50
68	-21	50
68	-21	50
67	-21	50
68	-21	50
70	-21	50
70	-22	51
70	-22	51
70	-21	51
70	-21	51
70	-22	52
71	-22	52
71	-21	51
71	-21	51
72	-21	52
72	-21	52
72	-22	52
72	-22	52
73	-22	51
73	-22	51
74	-22	51
74	-22	51
74	-22	51
75	-22	51
75	-22	51
75	-22	51
75	-22	51
75	-22	51
76	-23	52
76	-23	52
76	-23	52
76	-23	52
77	-23	53
77	-23	53
78	-23	53
78	-23	53
78	-23	54
78	-23	54
78	-23	54
67	-15	39
67	-15	39
68	-15	39
68	-15	39
67	-14	39
67	-14	40
67	-14	40
67	-15	41
67	-15	42
68	-15	42
68	-14	42
68	-15	43
67	-14	42
67	-15	43
67	-15	43
67	-15	43
67	-15	43
67	-15	44
68	-15	43
67	-15	44
67	-15	44
67	-15	45
67	-15	45
67	-15	45
66	-15	45
66	-15	45
67	-16	45
66	-17	46
66	-17	46
66	-16	46
66	-16	46
66	-16	46
66	-17	46
66	-17	46
66	-17	47
67	-17	47
67	-17	47
67	-17	47
67	-17	47
67	-17	47
66	-17	47
66	-18	47
65	-19	47
65	-19	47
65	-19	47
66	-19	48
66	-20	48
66	-21	49
65	-21	49
65	-21	49
67	-21	49
67	-22	50
67	-21	50
68	-21	50
68	-21	50
67	-21	50
69	-21	50
70	-21	50
70	-22	51
70	-22	51
70	-21	51
70	-21	51
70	-22	52
71	-22	52
71	-21	51
71	-21	51
72	-21	52
72	-21	52
72	-22	52
72	-22	52
72	-22	51
73	-22	51
74	-22	51
74	-22	51
74	-22	51
75	-22	51
75	-22	51
75	-22	51
75	-22	51
75	-22	51
76	-23	52
75	-23	52
76	-23	52
76	-23	52
77	-23	52
78	-23	53
78	-23	52
78	-23	53
78	-23	53
78	-23	53
78	-23	54
68	-15	39
68	-15	39
67	-16	39
67	-16	39
67	-14	39
67	-15	39
66	-15	41
67	-16	41
67	-16	43
68	-16	43
69	-15	42
68	-16	43
67	-15	41
67	-16	43
68	-15	42
68	-15	42
68	-15	42
68	-15	43
69	-15	42
68	-16	43
67	-16	43
67	-16	44
66	-15	44
67	-15	44
67	-15	44
67	-15	45
67	-15	45
67	-15	45
67	-16	46
67	-16	46
66	-16	46
66	-16	46
66	-16	46
66	-16	46
67	-18	46
67	-17	46
66	-17	46
66	-17	46
67	-18	46
67	-17	46
67	-18	46
67	-19	47
65	-19	47
65	-19	46
66	-19	46
66	-20	48
65	-20	48
65	-20	48
66	-21	48
67	-21	48
67	-21	48
68	-21	49
68	-21	49
69	-21	49
69	-22	50
69	-22	50
69	-22	50
70	-22	50
70	-21	50
69	-21	50
70	-21	51
70	-21	51
70	-21	51
70	-21	51
70	-22	52
71	-22	52
71	-22	52
71	-22	52
71	-22	52
72	-22	52
72	-22	51
73	-22	51
73	-21	51
74	-21	51
75	-22	51
75	-22	51
74	-22	51
74	-22	51
75	-22	51
75	-22	51
75	-22	51
75	-22	51
76	-23	51
76	-23	51
77	-23	51
77	-24	52
77	-23	51
77	-23	52
78	-23	52
78	-24	52
78	-24	53
69	-15	38
68	-15	38
68	-16	39
68	-16	39
67	-15	39
67	-15	39
67	-15	39
67	-15	40
68	-16	41
68	-16	42
68	-15	41
68	-15	41
68	-16	41
68	-16	41
68	-16	41
68	-15	41
68	-15	42
68	-15	42
68	-15	42
67	-15	42
67	-15	43
67	-16	43
67	-15	44
67	-15	44
67	-15	44
67	-15	44
67	-15	45
67	-15	45
67	-16	46
67	-16	46
66	-17	46
66	-17	46
66	-17	46
67	-16	46
67	-18	46
67	-17	46
66	-17	46
66	-17	46
67	-17	46
67	-18	46
67	-19	47
66	-19	47
65	-19	46
65	-19	46
65	-19	46
65	-19	46
66	-20	48
66	-20	48
66	-21	48
67	-21	48
67	-21	48
68	-21	48
69	-21	49
69	-21	49
69	-22	50
69	-22	50
69	-22	50
70	-22	50
70	-21	50
69	-21	50
69	-21	51
70	-21	51
70	-21	51
69	-21	51
70	-22	52
71	-22	52
72	-22	52
71	-22	52
71	-22	52
72	-22	52
72	-22	51
73	-22	51
73	-21	51
74	-21	51
75	-22	51
75	-22	51
75	-22	51
75	-22	51
75	-22	51
75	-22	51
75	-22	51
75	-22	51
76	-23	51
76	-23	51
77	-23	51
77	-23	51
77	-23	51
77	-23	51
78	-23	51
78	-23	52
78	-24	52
70	-15	38
69	-15	39
69	-15	38
69	-14	38
68	-15	39
67	-15	39
67	-15	39
68	-15	40
68	-15	41
68	-15	41
68	-16	41
68	-15	41
68	-15	41
68	-15	41
68	-16	42
68	-16	42
68	-15	42
69	-15	42
68	-16	43
67	-15	43
67	-15	43
67	-15	43
67	-16	44
68	-16	44
68	-16	44
68	-16	44
67	-15	45
67	-16	46
67	-16	46
67	-16	46
67	-16	46
66	-17	46
67	-16	46
67	-16	46
67	-18	46
67	-17	46
66	-17	46
66	-17	46
67	-19	47
67	-19	47
67	-19	47
66	-19	47
66	-20	48
65	-20	48
66	-20	48
66	-20	48
66	-20	48
66	-20	48
66	-21	48
66	-21	48
67	-21	48
68	-21	48
69	-21	49
69	-21	49
69	-21	49
69	-21	49
69	-22	50
70	-22	50
70	-21	50
69	-21	50
69	-21	51
70	-21	51
70	-21	51
69	-21	51
70	-22	52
70	-21	52
72	-22	52
72	-22	52
72	-22	52
72	-22	52
72	-22	52
73	-22	52
74	-22	51
74	-22	51
74	-22	51
75	-22	51
75	-22	51
76	-22	51
76	-22	51
76	-22	51
76	-22	51
76	-22	51
76	-22	51
76	-22	51
77	-23	51
77	-23	51
77	-23	51
78	-23	51
78	-23	51
78	-23	52
78	-23	52
70	-15	38
69	-15	39
69	-15	38
69	-14	38
68	-15	39
67	-14	39
67	-15	39
68	-15	40
68	-15	40
68	-15	41
67	-16	41
68	-16	41
69	-16	41
69	-16	41
68	-16	42
68	-16	42
69	-15	42
69	-15	42
68	-16	43
67	-15	43
67	-15	43
67	-15	43
67	-16	44
68	-16	44
68	-16	44
68	-16	44
68	-15	45
68	-16	46
67	-17	46
67	-16	46
67	-16	46
66	-17	46
66	-16	46
66	-16	46
67	-17	46
66	-17	46
66	-17	46
66	-17	46
66	-19	47
67	-19	47
67	-19	47
67	-19	47
66	-20	48
65	-20	48
65	-20	48
66	-20	48
66	-20	48
66	-20	48
65	-21	48
65	-21	48
67	-21	48
67	-21	48
68	-21	49
69	-21	49
69	-21	49
69	-21	49
70	-22	50
70	-22	50
70	-21	50
69	-21	50
69	-21	51
70	-21	51
70	-21	51
70	-21	51
70	-22	52
70	-21	52
71	-22	52
72	-22	52
72	-22	52
72	-22	52
73	-22	52
73	-22	52
73	-22	51
74	-22	51
74	-22	51
75	-22	51
76	-22	51
76	-22	51
76	-22	51
75	-22	51
76	-22	51
76	-22	51
76	-22	51
76	-22	51
77	-23	51
77	-23	51
77	-23	51
78	-23	51
78	-23	51
79	-24	52
79	-23	52
