41	58	49
40	58	49
40	58	49
40	58	50
39	58	50
39	59	51
39	58	51
40	60	51
40	60	52
39	59	52
38	59	52
38	59	52
39	59	52
39	59	53
40	60	53
40	61	52
40	61	52
41	60	51
41	61	51
42	61	51
42	61	51
42	61	50
42	60	51
43	60	50
43	60	50
43	60	50
43	60	49
43	60	49
42	59	50
42	59	49
41	59	49
42	59	49
43	59	48
43	59	48
43	59	48
43	59	48
43	59	48
43	59	48
43	59	48
43	59	48
43	59	48
43	59	48
43	59	48
44	59	48
44	59	48
43	59	48
42	59	49
44	59	47
44	59	47
43	59	47
41	59	48
42	59	48
45	59	46
45	60	46
44	59	47
45	60	47
43	59	47
41	59	48
41	59	48
41	59	48
42	59	48
41	59	48
41	59	49
40	59	48
41	59	48
41	59	48
42	59	48
42	59	48
41	59	48
40	59	48
40	59	48
40	59	48
40	59	48
40	60	48
40	59	48
40	59	48
40	59	48
40	59	47
40	59	47
39	59	46
38	58	47
38	58	47
37	58	47
37	58	46
36	58	46
36	57	46
36	57	46
36	58	46
36	58	45
36	57	46
36	57	46
36	58	45
36	57	45
35	57	45
34	57	46
35	57	45
35	57	45
35	57	45
34	57	45
34	57	45
34	56	45
34	56	46
33	56	46
34	56	46
33	56	46
33	56	46
33	56	46
33	56	46
33	56	46
33	56	46
32	56	46
33	56	45
41	58	49
40	58	50
39	58	49
39	58	50
38	58	50
39	58	51
39	58	51
40	60	52
40	60	51
39	59	52
39	59	52
39	60	52
39	60	52
39	60	53
40	61	53
40	61	53
40	61	53
41	61	52
42	61	52
42	61	52
42	61	52
41	61	51
41	61	52
42	61	51
42	60	51
42	60	51
42	60	51
42	60	51
41	59	50
41	60	50
41	60	50
42	60	50
42	60	50
43	60	50
43	60	50
42	60	50
42	60	50
43	60	50
43	60	50
43	60	50
43	60	50
42	60	50
42	60	50
42	60	50
42	60	50
41	60	50
40	60	51
48	60	46
45	60	47
42	60	49
40	59	49
40	59	49
41	59	49
41	59	49
39	59	49
42	60	49
41	59	49
42	60	49
42	60	49
42	60	49
41	60	49
41	60	50
40	60	50
41	60	50
41	60	50
41	60	49
41	60	49
41	60	49
41	60	49
40	60	49
40	60	49
40	60	48
40	60	48
40	60	49
40	60	49
40	60	48
39	60	48
39	60	48
39	59	48
38	59	48
38	59	47
38	59	47
38	59	47
37	58	48
37	58	47
36	58	46
36	58	46
36	58	47
36	58	46
36	58	46
36	58	46
36	58	45
36	58	46
35	58	46
34	57	47
35	57	46
35	57	46
35	58	46
34	58	47
34	57	46
34	57	47
34	57	47
34	57	47
34	57	47
33	57	47
33	57	47
33	57	47
33	57	47
33	57	47
33	57	47
32	57	46
33	56	45
41	58	49
40	58	50
40	58	49
39	59	50
39	58	50
39	58	51
38	58	51
40	60	51
39	59	51
39	59	52
39	59	52
39	60	52
39	60	52
40	61	53
40	61	53
40	61	53
40	61	52
40	61	52
41	61	53
41	61	52
41	61	52
41	61	52
41	61	52
41	61	52
41	61	52
41	60	51
41	60	52
41	60	52
40	60	51
41	60	52
41	60	51
41	60	51
41	61	51
42	61	50
42	61	51
42	61	50
42	61	51
42	61	50
43	61	51
41	61	51
41	61	51
41	61	50
41	61	51
41	61	51
41	61	51
41	61	50
41	60	50
43	61	49
41	61	50
40	60	50
40	60	50
42	61	50
43	61	49
43	61	49
43	60	49
40	60	50
41	60	49
42	61	50
42	60	49
41	60	49
40	60	50
40	60	50
41	60	50
41	60	50
40	60	50
40	60	50
40	60	50
40	60	49
40	60	49
40	60	49
40	60	49
40	60	49
39	60	49
40	60	49
39	60	49
39	60	49
39	60	49
39	60	48
38	60	48
38	59	48
38	59	48
38	59	47
37	58	48
37	58	47
36	58	47
36	58	46
36	58	47
36	58	46
36	58	47
36	58	47
36	58	46
36	58	45
36	58	47
35	57	47
34	57	48
35	58	46
34	58	47
34	58	47
34	57	46
34	57	47
34	57	47
34	57	47
34	57	47
34	57	47
33	57	47
33	56	47
33	57	47
33	57	47
33	57	47
33	57	47
32	57	46
33	56	45
40	57	49
40	58	49
40	58	50
40	59	50
39	59	50
39	58	51
38	58	51
39	59	52
39	60	52
39	60	53
39	60	52
39	61	53
39	61	53
39	61	53
40	61	54
40	61	52
40	61	52
40	61	53
40	61	53
40	61	52
41	61	53
41	61	53
42	61	53
41	60	52
41	60	52
40	60	53
40	60	53
40	60	53
40	60	53
40	60	53
40	60	53
40	61	52
40	61	52
40	61	52
40	61	52
40	61	52
40	61	52
40	61	52
41	61	52
40	61	52
40	61	52
40	61	52
40	61	52
40	61	52
40	61	52
41	61	52
41	61	52
41	61	51
41	61	50
41	61	50
42	61	50
42	61	50
42	61	50
43	61	50
43	61	49
40	60	50
41	61	50
42	61	50
41	61	50
40	60	50
40	60	50
41	60	50
41	61	50
41	60	50
40	60	50
40	60	50
40	60	50
40	60	50
40	60	50
40	60	50
40	60	49
40	61	50
40	60	49
39	61	49
39	60	49
39	60	49
39	60	49
39	60	49
39	60	48
38	58	48
38	58	48
37	59	48
37	59	48
36	59	48
36	58	48
36	58	48
36	58	48
36	58	47
36	58	47
36	58	48
36	58	47
36	58	47
36	58	46
35	58	47
34	57	48
34	57	46
34	57	46
34	57	46
34	57	47
34	57	47
34	57	47
34	57	47
34	57	47
34	57	47
33	57	47
33	56	47
33	56	47
33	57	47
33	57	47
33	56	47
32	57	46
33	56	45
39	58	50
40	58	49
40	58	50
40	59	50
40	58	50
39	58	51
38	59	52
39	60	52
39	60	52
39	60	53
39	60	53
39	61	53
39	61	53
39	61	53
39	61	53
40	61	52
40	61	53
40	61	52
40	61	53
40	61	52
40	61	52
41	61	52
41	61	53
40	60	53
40	60	53
40	60	53
40	60	53
40	60	53
40	60	54
40	60	53
40	60	54
40	61	54
40	61	53
40	61	53
40	61	53
40	61	53
40	61	53
40	61	53
40	61	53
40	61	53
40	61	53
40	61	53
40	61	53
39	61	53
39	61	53
40	61	53
40	61	53
41	62	51
41	62	50
42	62	50
43	61	50
41	61	50
39	60	51
38	60	51
39	60	51
41	61	50
41	61	50
41	61	50
41	61	50
40	60	51
40	60	51
40	60	50
41	61	50
40	60	50
40	61	50
40	61	50
40	60	50
40	60	51
40	60	51
40	61	50
40	61	50
39	60	49
39	60	49
39	60	49
39	61	49
39	61	49
39	61	49
38	60	49
38	60	49
38	59	49
37	59	48
37	59	48
36	59	48
36	58	48
36	58	48
36	58	48
36	58	48
36	58	47
36	58	48
36	58	47
35	58	48
36	58	47
36	58	47
35	58	46
34	57	47
34	57	47
34	57	47
34	57	47
34	57	47
34	57	47
34	57	47
34	57	47
34	57	47
34	57	47
33	57	47
33	56	47
33	56	47
33	57	47
33	57	47
33	56	47
32	56	46
33	56	45
40	57	49
40	58	49
40	58	49
40	58	50
39	58	50
38	58	51
38	59	52
38	59	52
38	59	52
39	60	52
40	61	53
40	61	53
39	61	53
40	62	54
39	61	53
39	61	53
40	61	53
40	61	54
40	61	53
40	61	53
40	61	53
40	61	53
40	61	53
40	60	53
40	60	54
40	60	54
40	60	54
40	60	54
40	60	53
39	60	53
39	60	53
40	61	53
41	62	53
41	62	53
40	62	53
40	62	54
40	62	53
40	62	53
40	62	54
40	62	54
40	62	54
40	62	54
40	62	53
39	61	53
38	61	52
39	61	53
39	61	53
38	60	52
37	60	52
38	61	52
40	61	51
41	62	50
41	61	51
41	61	51
42	62	50
41	61	51
41	61	51
40	60	50
40	61	50
40	60	51
40	60	51
40	60	50
40	61	50
40	60	51
40	60	51
40	60	51
39	60	51
39	60	51
39	60	51
39	60	49
39	60	49
38	60	50
38	60	50
38	60	49
38	60	49
38	60	49
38	60	49
38	60	49
38	59	50
37	59	49
37	59	49
37	59	49
37	59	49
36	58	50
36	59	49
36	59	48
36	58	49
37	59	48
36	59	48
35	58	49
35	58	48
35	58	47
36	58	48
36	58	48
35	58	46
34	57	47
34	57	47
34	57	47
34	57	47
34	57	47
34	57	47
34	57	47
33	56	47
33	56	47
33	56	48
32	56	47
33	56	47
33	56	48
33	56	48
33	56	47
32	56	46
33	56	45
41	58	49
40	59	50
39	59	50
38	59	50
38	59	50
38	59	52
38	59	52
38	59	52
38	60	52
39	61	53
40	61	53
40	61	53
40	61	53
39	61	53
39	61	53
38	61	53
39	61	53
40	61	53
41	61	52
41	61	53
41	61	53
40	61	54
39	60	54
39	60	54
40	61	53
40	61	53
40	61	53
40	61	53
40	61	53
39	60	54
38	60	53
39	61	54
40	62	53
40	62	53
39	61	54
38	61	53
38	61	52
38	61	53
38	61	53
39	61	53
39	62	54
39	62	54
39	61	53
38	61	53
38	61	53
39	61	53
40	62	52
42	63	51
39	61	51
38	61	52
40	61	51
41	62	51
40	62	51
39	61	51
39	61	51
40	62	51
40	62	51
40	61	51
40	61	51
40	61	51
40	61	51
39	61	51
39	61	51
39	60	52
39	60	52
39	60	51
39	60	51
39	60	51
39	60	50
38	60	50
38	60	50
38	60	50
38	60	50
38	60	50
38	60	50
38	60	50
37	59	50
37	59	50
37	59	50
37	59	49
37	59	49
37	59	49
36	58	50
36	59	50
36	59	49
36	59	49
36	58	49
38	59	48
36	59	48
35	59	48
34	58	48
35	59	48
35	58	47
36	59	48
36	58	48
34	57	47
34	57	47
34	57	48
34	57	47
34	57	48
34	57	47
34	57	47
33	56	47
34	57	47
33	56	48
33	57	47
32	56	47
33	57	47
33	56	48
33	57	47
32	56	46
33	57	45
40	59	51
40	59	51
39	59	50
39	59	52
38	59	52
38	59	52
38	60	53
38	60	53
38	60	53
39	60	53
39	60	53
39	60	53
39	61	53
39	61	53
39	61	53
40	61	53
39	61	53
39	61	54
39	61	53
40	62	54
40	61	53
40	62	54
39	61	53
38	61	53
38	61	53
39	61	53
39	61	53
39	61	53
39	61	53
39	61	53
40	62	53
39	61	53
39	61	53
38	61	53
38	61	53
39	61	53
39	62	53
39	62	53
39	62	53
38	61	53
38	61	52
38	61	52
38	61	52
38	61	52
38	61	52
38	61	52
38	62	52
38	61	52
38	61	52
38	62	51
38	61	52
39	62	51
39	62	51
39	62	51
39	62	51
39	61	52
39	61	52
40	62	53
40	62	53
40	62	52
40	62	52
40	62	52
39	61	53
39	61	52
39	61	52
39	61	52
38	60	52
38	60	52
39	61	51
39	61	50
39	61	50
38	61	51
38	60	51
38	60	50
38	60	50
38	60	51
37	60	50
37	60	51
36	59	50
37	59	49
37	59	49
37	59	50
36	59	50
36	59	50
36	59	50
36	59	49
36	59	49
36	59	49
36	59	49
36	59	49
35	59	48
35	59	48
35	59	48
35	58	48
35	59	48
34	58	48
34	57	47
34	57	47
33	57	47
34	58	48
34	57	47
34	58	48
33	57	47
34	57	47
33	57	47
34	57	47
33	57	47
34	57	47
33	57	47
34	57	47
33	57	47
34	57	47
40	60	51
40	60	52
39	59	51
39	60	52
38	59	52
38	60	52
38	60	53
38	60	53
38	60	53
38	60	53
38	60	53
39	60	53
39	60	53
39	61	53
39	61	53
40	62	54
40	62	53
39	61	54
40	62	53
40	62	54
40	62	54
40	62	53
39	62	54
40	62	53
40	62	53
40	62	53
39	61	53
39	61	53
39	61	53
38	61	52
38	61	52
40	62	53
39	62	53
38	61	53
38	61	53
38	62	53
39	61	53
38	62	53
38	61	53
38	61	52
38	61	52
38	61	52
38	61	52
38	61	52
38	61	51
38	61	51
38	61	51
38	61	51
38	61	51
38	61	51
38	61	51
38	61	52
38	62	52
39	61	52
39	61	52
39	62	52
39	62	52
39	62	52
39	62	53
39	62	53
40	62	53
40	62	53
40	62	53
39	61	52
38	60	52
38	60	52
38	61	52
38	61	51
38	60	52
38	61	51
39	61	50
38	60	51
38	60	52
38	60	51
37	60	50
37	60	51
37	60	50
37	60	50
36	59	51
37	59	49
37	59	50
37	59	50
36	59	50
36	59	50
36	59	50
36	59	49
36	59	49
36	59	49
36	59	49
35	59	49
35	59	49
35	59	48
35	58	48
35	58	48
35	59	48
34	58	48
34	58	48
34	58	48
34	57	47
34	58	48
34	58	48
34	58	48
34	57	47
33	57	48
33	57	48
33	57	48
33	57	48
33	57	48
33	57	48
33	57	48
33	57	48
33	57	47
40	60	51
39	60	51
39	60	51
38	59	51
38	59	51
38	60	52
38	60	52
38	60	52
38	60	52
38	61	52
38	60	52
38	60	52
38	60	52
39	61	52
39	61	53
40	62	53
40	62	53
39	61	53
39	61	54
40	62	53
40	62	53
40	62	53
39	62	54
40	62	53
40	62	53
39	61	53
39	61	53
39	61	52
38	61	52
38	61	53
38	61	52
40	62	53
39	62	53
38	61	53
38	61	52
38	61	53
38	61	53
38	61	52
38	61	52
38	61	52
38	61	52
38	61	52
37	61	52
37	61	51
37	61	51
37	61	51
37	61	51
37	61	51
37	61	51
37	61	51
37	61	52
38	61	52
38	61	51
38	61	52
38	61	52
38	62	52
38	62	53
38	62	53
39	61	52
39	61	52
39	61	52
39	62	53
39	61	53
38	61	52
38	60	52
38	60	52
38	60	51
38	60	51
38	60	52
38	60	51
38	61	51
37	60	51
37	60	51
37	60	51
37	60	50
37	60	50
36	59	51
36	59	51
36	59	51
37	59	50
37	59	50
36	59	50
36	59	50
36	59	49
36	59	49
36	59	49
36	59	49
35	59	49
35	59	49
35	59	49
35	58	49
35	58	48
35	58	48
35	58	48
34	58	48
34	58	48
34	58	48
34	58	48
34	58	48
34	58	48
34	57	47
34	57	47
34	57	47
33	57	48
33	57	48
33	57	48
33	57	48
33	57	48
33	57	48
33	57	48
33	57	48
33	57	48
38	59	51
38	59	52
38	59	52
38	59	52
38	59	52
38	60	52
38	60	52
38	60	52
38	60	52
38	60	53
38	60	53
38	61	52
38	61	52
39	61	52
39	61	52
39	62	54
39	61	54
39	61	53
39	61	53
39	62	54
39	62	54
39	62	54
39	61	53
38	61	53
38	61	53
38	61	53
38	61	53
38	61	52
38	61	52
39	61	52
39	61	52
39	62	52
38	62	53
38	61	52
38	61	52
38	61	52
38	61	52
38	61	52
37	61	52
38	61	52
38	61	52
37	61	52
37	61	51
36	61	51
36	61	51
36	61	51
36	61	51
36	61	51
36	61	51
37	61	51
37	61	51
37	61	51
37	61	52
38	61	52
38	61	52
38	61	52
38	61	52
38	61	52
38	61	52
38	61	53
38	61	53
38	62	53
38	61	53
38	61	52
38	60	52
37	60	52
37	60	52
37	60	52
37	60	52
38	60	52
38	60	51
37	60	52
37	60	52
37	60	50
37	60	50
36	59	51
36	59	51
36	59	51
36	59	51
36	59	50
36	59	50
36	59	50
36	59	50
36	59	49
35	59	50
35	59	50
35	59	50
35	58	49
35	58	49
35	58	49
35	58	49
35	58	48
35	58	48
35	58	48
34	58	48
34	58	48
34	58	48
34	58	48
34	58	48
34	58	48
33	57	48
33	57	48
34	57	47
33	57	48
33	57	48
33	57	48
33	57	48
33	57	48
33	57	48
33	57	48
33	57	48
32	56	47
38	59	51
38	59	51
38	59	51
38	60	52
38	60	52
38	60	52
38	60	52
38	60	52
38	60	52
38	60	52
38	60	52
38	61	53
38	61	53
38	61	53
38	61	53
39	61	53
39	61	53
39	61	53
39	61	53
39	61	53
39	61	53
39	61	53
39	61	53
38	61	52
38	61	52
38	61	52
38	61	52
38	61	51
38	61	52
38	61	52
38	61	53
38	61	52
38	61	52
37	61	52
38	61	52
38	61	52
38	61	52
38	61	52
37	61	52
38	61	52
37	61	52
37	61	51
36	61	51
36	60	51
36	60	50
36	60	50
36	60	50
36	61	51
36	61	51
37	61	51
37	61	51
37	61	51
37	61	52
37	61	52
38	61	52
38	61	52
38	61	52
38	61	52
38	61	52
38	61	52
38	61	52
38	61	52
38	61	52
38	60	52
37	60	52
37	60	52
37	60	51
37	60	51
37	60	52
37	60	52
37	60	51
37	60	51
37	60	51
37	60	51
37	60	50
37	60	50
37	60	50
37	60	50
37	60	50
36	59	50
36	59	50
36	59	49
36	59	49
35	59	50
35	58	50
35	58	49
35	58	49
35	58	49
35	58	49
35	58	48
35	58	48
34	58	48
34	58	48
34	58	48
34	58	48
34	58	48
34	58	48
35	58	47
35	58	48
34	58	48
33	57	48
33	57	48
33	57	48
33	57	48
33	57	48
33	57	48
33	57	48
33	57	48
33	57	48
33	57	48
33	57	48
32	56	47
38	59	52
37	59	51
37	59	52
38	59	52
38	59	52
38	59	52
37	59	52
37	60	52
37	60	52
38	60	52
38	60	52
38	61	52
38	60	52
38	61	52
38	60	52
38	61	53
38	61	53
39	61	53
39	61	53
38	61	53
38	61	53
38	61	53
39	61	53
38	61	52
38	61	53
38	61	52
38	61	52
37	61	52
37	61	52
37	60	51
37	60	51
37	61	51
37	60	51
37	60	51
37	61	52
38	61	52
38	61	52
38	61	52
37	61	51
37	61	51
37	61	51
36	61	51
36	60	51
36	60	51
36	60	50
36	60	51
36	60	51
36	60	51
36	61	51
36	61	51
37	61	51
37	61	51
37	61	51
37	61	51
37	61	52
37	61	52
37	61	52
38	61	52
38	61	52
38	61	52
38	61	52
38	61	52
38	61	52
37	60	52
37	60	51
37	60	51
36	59	51
36	59	51
37	60	51
37	60	51
37	60	52
37	60	50
37	60	50
37	60	50
37	60	50
37	60	50
37	60	50
37	60	50
37	60	50
36	59	50
36	59	50
35	59	50
35	59	50
35	58	50
35	58	50
34	59	49
34	59	49
35	58	49
35	58	49
34	58	48
34	58	48
34	58	48
34	58	48
34	58	48
34	58	48
34	58	48
34	58	48
35	58	47
35	58	47
34	58	48
33	57	48
33	57	48
33	57	48
33	57	48
33	57	48
33	57	48
33	57	48
33	57	48
33	57	48
33	57	48
33	57	48
33	57	47
38	59	52
37	59	51
37	59	52
37	59	50
37	59	51
37	60	52
37	60	52
37	60	52
37	60	52
38	60	52
38	60	52
38	61	51
38	61	52
38	61	52
38	61	53
38	61	52
38	61	53
39	61	53
38	61	53
38	61	52
38	61	52
38	61	53
39	61	52
38	61	51
38	61	51
38	61	52
37	61	51
37	61	52
37	60	51
36	60	51
36	60	51
37	61	51
37	60	51
37	60	51
37	61	51
37	61	52
37	61	52
37	61	51
36	60	50
37	61	51
36	61	51
36	61	51
36	60	51
36	60	51
36	60	51
36	61	51
36	61	51
36	60	50
36	60	50
36	60	51
36	61	51
37	61	51
37	61	51
37	61	51
37	61	51
37	61	51
37	61	52
37	61	52
38	61	52
38	61	52
38	61	52
38	61	52
38	61	52
37	60	52
37	60	51
37	60	51
36	59	51
36	59	51
37	60	51
37	60	50
37	60	51
36	59	51
36	59	51
36	59	51
36	59	51
36	59	51
36	59	51
36	59	50
36	59	50
35	59	50
35	59	50
35	59	50
35	58	50
35	58	49
34	59	49
34	59	49
34	58	49
34	58	48
34	58	48
34	58	48
34	58	48
34	58	48
34	58	48
34	58	48
34	58	48
34	58	48
35	58	48
36	58	47
35	58	47
34	58	48
33	57	48
33	57	48
33	57	48
33	57	48
33	57	48
33	57	48
33	57	48
33	57	48
33	57	48
33	57	48
33	57	48
33	57	48
37	59	51
37	59	51
37	59	50
36	59	51
36	59	51
37	60	51
37	60	51
37	60	52
37	60	52
37	60	52
38	60	52
38	60	52
38	60	52
38	61	52
38	61	52
38	61	52
38	61	53
39	61	53
38	61	52
38	61	52
37	61	52
38	61	52
38	61	52
37	60	51
37	60	51
37	60	51
37	61	52
37	61	52
37	61	52
37	61	51
37	61	51
37	61	52
37	61	51
37	61	51
37	61	51
37	61	52
37	61	51
36	60	50
35	60	50
36	61	51
36	61	51
36	60	51
36	60	51
36	60	51
36	61	51
37	61	51
37	61	51
36	60	51
36	60	51
36	60	50
36	60	51
36	60	51
36	61	51
37	61	51
37	61	51
37	61	51
37	61	51
37	61	51
38	61	52
38	61	52
38	61	51
38	61	51
38	61	52
37	60	52
37	60	51
37	60	51
36	59	51
36	59	51
37	60	51
37	60	50
37	60	51
36	59	50
36	60	50
36	60	50
36	60	50
36	60	50
36	60	50
36	60	49
36	60	49
35	59	50
35	59	50
35	58	50
35	58	50
34	59	49
34	59	49
34	58	49
34	58	49
34	58	48
34	58	48
34	58	48
34	58	48
34	58	48
34	58	48
34	58	48
34	58	48
34	58	48
35	58	48
36	58	47
35	58	47
34	58	48
33	56	47
33	56	47
33	57	48
33	56	47
33	56	47
33	56	47
33	56	47
33	56	47
33	56	47
33	56	47
33	56	47
33	57	48
38	60	50
37	59	50
37	59	50
37	60	50
36	59	51
36	59	51
36	60	50
36	60	51
37	60	51
37	61	51
38	61	52
38	61	51
38	61	51
38	61	51
38	61	52
37	61	52
38	61	52
39	61	52
39	62	51
38	61	52
38	61	51
37	61	52
37	61	52
38	62	51
36	60	51
37	60	51
38	61	50
36	60	50
35	59	50
47	64	47
62	58	35
55	65	43
42	64	49
34	59	49
36	60	51
38	61	51
37	61	51
35	60	50
37	61	51
36	60	50
36	60	50
36	60	50
36	60	50
36	60	50
36	60	50
36	60	50
36	60	50
36	60	50
36	60	50
36	60	50
36	61	50
36	61	50
36	61	51
36	61	51
36	61	51
37	61	51
37	61	51
37	61	51
38	61	52
38	61	52
37	61	51
37	61	51
37	60	51
37	60	51
36	59	50
35	59	50
36	59	51
38	60	50
38	60	50
38	60	51
36	59	51
36	59	51
36	59	51
36	59	50
36	60	49
36	60	49
36	60	49
36	59	50
36	59	50
35	58	49
35	58	49
35	59	49
35	59	49
35	58	49
35	58	49
34	58	48
34	58	49
34	58	48
34	58	48
34	58	48
34	58	48
34	58	48
34	58	48
34	58	47
34	58	47
34	58	48
34	58	48
34	57	47
33	57	48
33	57	48
33	57	48
33	57	48
33	57	48
33	57	48
33	57	48
33	57	48
33	57	48
33	57	48
33	57	48
33	57	48
33	57	48
32	56	47
37	59	50
37	59	50
36	59	50
37	60	50
36	59	51
36	59	51
36	59	51
36	60	51
36	60	51
37	61	52
37	61	51
38	61	52
38	61	52
38	61	52
38	61	52
37	61	52
38	61	52
38	61	52
38	61	52
38	61	51
38	61	52
37	61	51
37	61	52
36	60	50
36	60	50
38	62	51
41	62	49
38	61	50
34	58	48
35	59	50
41	62	49
37	61	51
34	58	49
33	57	48
35	60	50
36	61	51
34	59	49
34	59	49
36	60	51
36	60	50
36	60	50
36	60	50
36	60	50
36	60	50
36	60	50
36	60	50
36	60	50
36	60	50
36	60	50
36	60	50
36	61	50
36	61	50
36	61	50
36	61	50
36	61	51
37	61	51
37	61	51
37	61	50
38	61	52
38	61	52
37	61	51
37	61	51
37	60	51
37	60	51
36	59	50
35	59	50
36	59	50
37	60	50
38	60	51
37	60	50
36	60	50
36	59	51
36	59	51
36	60	49
36	60	49
36	60	49
36	59	50
36	59	50
36	59	50
35	58	49
35	58	49
35	58	49
35	58	49
35	58	49
35	58	49
34	58	48
34	58	49
34	58	48
34	58	48
34	58	48
34	58	48
34	58	48
34	58	48
34	58	47
34	58	47
34	58	48
34	58	48
34	57	47
33	57	48
33	57	48
33	57	48
33	57	48
33	57	48
33	57	48
33	57	48
33	57	48
33	57	48
33	57	48
33	57	48
33	57	48
33	57	48
32	56	47
37	60	50
37	60	50
37	60	50
37	60	50
36	59	51
36	60	51
36	60	51
36	60	51
36	60	51
37	60	51
37	61	51
38	61	52
38	61	52
38	61	52
37	61	52
38	61	52
38	61	52
37	61	51
37	61	51
37	61	51
37	61	52
37	61	51
37	61	51
36	60	51
36	60	50
37	61	51
38	61	49
37	61	50
34	59	49
34	58	48
34	59	49
34	59	49
35	59	50
36	61	51
38	61	50
39	62	50
38	61	51
37	61	50
37	61	50
36	60	50
36	60	50
36	60	50
36	60	50
36	60	50
36	60	50
36	60	50
36	60	50
36	60	50
36	60	50
36	60	50
36	60	50
36	61	49
36	61	49
36	61	49
36	61	50
37	61	50
37	61	51
37	61	50
37	61	50
37	61	50
37	61	50
37	61	51
36	60	51
36	60	51
36	59	50
35	59	50
36	59	50
36	59	51
37	60	50
36	60	50
35	59	50
36	60	49
36	60	49
36	60	49
36	59	50
36	59	50
36	59	50
35	59	49
35	59	49
35	58	49
35	58	49
35	58	49
35	58	49
35	58	48
34	58	48
34	58	48
34	58	48
34	58	48
34	58	48
34	58	48
34	58	48
34	58	47
34	58	47
34	58	47
34	58	47
34	58	48
34	58	48
33	57	48
33	57	48
33	57	48
33	57	48
33	57	48
33	57	48
33	57	48
33	57	48
33	57	48
33	57	48
33	57	48
33	57	48
33	57	48
33	57	48
32	56	47
36	59	51
36	59	51
36	59	51
36	59	51
37	60	50
37	60	50
37	60	50
36	60	51
36	60	51
37	60	51
37	61	51
38	61	52
38	61	52
37	61	51
37	61	51
38	61	52
37	61	52
37	60	51
36	60	51
37	60	51
37	60	51
37	60	51
36	60	51
37	61	51
36	60	51
34	59	49
34	58	49
35	59	50
37	61	51
37	61	49
37	61	50
37	61	51
36	60	51
35	60	50
35	60	50
36	61	51
38	61	51
36	61	50
34	58	48
36	60	50
36	60	50
36	60	50
36	60	50
36	60	50
36	60	50
36	60	50
36	60	50
36	60	50
36	60	50
36	60	50
36	60	50
36	60	50
36	61	49
36	61	49
36	61	49
37	61	50
37	61	50
37	61	51
37	61	51
37	61	51
37	61	51
37	61	51
36	60	51
36	60	51
36	60	50
36	59	50
36	60	50
36	59	51
36	59	51
36	59	50
35	58	49
36	59	50
36	59	50
36	59	50
36	59	50
35	59	49
35	59	49
35	59	49
35	59	50
34	59	49
34	59	49
35	58	49
35	58	49
34	58	48
34	58	48
34	58	48
34	58	48
34	58	48
34	58	48
34	58	48
34	58	47
34	58	47
34	58	47
34	58	48
34	58	47
34	58	48
34	57	47
33	57	48
33	57	48
33	57	48
33	57	48
33	57	48
33	57	48
33	57	48
33	57	48
33	57	48
33	57	48
33	57	48
33	57	48
33	57	48
33	57	48
32	56	47
36	59	50
36	59	50
36	59	50
36	60	50
36	60	50
36	60	50
36	60	50
37	61	51
37	61	50
37	61	50
38	61	51
38	61	51
38	61	51
38	61	51
37	61	51
38	61	52
37	60	51
36	60	51
36	60	51
36	60	51
37	60	51
36	60	51
36	60	51
36	60	51
36	60	51
36	60	51
34	59	49
35	59	50
37	61	50
36	60	50
34	59	49
37	61	50
36	61	50
34	59	49
34	58	48
34	59	49
37	61	50
37	61	49
35	59	50
36	60	50
36	60	50
36	60	50
36	60	50
36	60	50
36	60	50
36	60	49
36	60	49
36	60	49
36	60	49
36	60	50
36	60	50
36	60	50
36	60	50
36	61	49
36	61	49
36	61	50
36	61	50
37	61	50
37	61	50
37	61	50
37	61	50
36	61	50
36	60	51
36	60	51
36	59	51
36	59	51
36	59	51
36	59	51
36	60	50
36	59	50
35	59	50
36	59	50
35	59	50
35	59	49
35	59	49
35	59	50
35	59	50
35	59	50
35	59	50
34	58	48
34	58	48
34	58	48
34	58	48
34	58	48
34	58	48
34	58	48
34	58	48
34	58	48
34	58	48
34	58	47
34	58	47
34	58	47
34	58	48
34	58	47
34	58	47
34	58	48
33	57	48
33	57	48
33	57	48
33	57	48
33	57	48
33	57	48
33	57	48
33	57	48
33	57	48
33	57	48
33	57	48
33	57	48
33	57	48
33	57	48
33	57	48
32	56	47
36	60	49
36	59	50
36	59	50
36	60	50
36	60	50
36	60	50
36	60	50
37	61	50
37	61	50
38	61	51
38	61	51
38	61	51
38	61	51
37	61	50
37	61	50
38	61	51
37	60	51
36	60	50
36	60	51
37	61	51
37	61	51
36	60	51
36	60	51
36	60	51
38	61	50
37	61	50
35	60	50
35	59	50
36	60	50
37	61	50
36	60	50
36	61	50
38	62	49
39	62	49
38	61	50
36	60	50
36	60	51
37	61	49
38	61	48
35	60	50
35	60	50
35	60	49
35	60	49
35	60	49
35	60	49
35	60	49
35	60	49
35	60	49
36	60	49
36	60	50
36	60	50
36	60	50
36	60	50
36	60	50
36	60	50
36	61	49
36	61	49
36	61	50
37	61	50
37	61	50
36	61	50
36	61	50
36	60	50
36	60	51
36	59	51
36	59	51
36	59	51
36	59	51
36	60	50
35	59	50
35	59	50
35	59	50
35	59	50
35	59	50
35	59	50
35	59	50
35	59	49
35	59	49
35	59	49
34	58	48
34	58	48
34	58	48
34	58	49
34	58	48
34	58	48
34	58	48
35	59	48
34	58	48
34	58	48
34	58	47
34	58	47
34	58	48
34	58	48
34	58	47
33	58	48
33	58	48
33	57	48
33	57	48
33	57	48
33	57	48
33	57	48
33	57	48
33	57	48
33	57	48
33	57	48
33	57	48
33	57	48
33	57	48
33	57	48
33	57	48
33	57	48
32	56	47
36	59	50
36	60	50
36	60	50
36	60	50
36	60	50
36	60	51
36	60	51
37	61	51
37	61	51
37	61	50
37	61	50
37	61	50
37	61	50
37	61	51
37	61	51
37	61	51
36	60	51
36	60	51
36	60	51
38	61	51
38	61	51
36	60	51
35	60	50
38	61	49
37	61	49
36	60	50
35	60	50
36	60	50
37	61	48
38	62	48
39	62	48
35	60	50
36	61	50
37	61	50
37	61	50
35	60	50
34	58	48
34	59	49
36	60	50
35	60	49
35	60	49
35	60	49
35	60	49
35	60	49
35	60	49
35	60	49
35	60	49
35	60	49
35	60	49
36	60	49
36	60	49
36	60	49
36	60	50
36	60	50
36	60	50
36	60	50
36	61	49
36	61	50
36	61	50
36	61	50
36	61	50
36	61	50
36	60	51
36	59	50
36	59	50
36	60	50
36	60	50
36	59	50
35	59	50
35	59	50
35	59	50
35	59	50
35	59	50
35	59	50
35	59	49
35	59	49
35	59	49
34	58	49
34	58	49
34	58	48
34	58	48
34	58	49
34	58	49
34	58	49
34	58	48
35	59	48
35	59	48
34	58	47
34	58	47
34	58	47
34	58	48
34	58	47
34	58	47
34	58	47
33	58	48
33	58	48
33	57	48
33	57	48
33	56	47
33	56	47
33	57	48
33	57	48
33	57	48
33	57	48
33	57	48
33	57	48
33	57	48
33	57	48
33	57	48
33	57	48
33	57	48
32	56	47
36	60	50
36	60	50
36	60	50
36	60	50
36	60	50
36	60	51
36	60	51
36	60	51
36	60	51
37	61	51
37	61	51
37	61	51
37	61	51
36	61	51
36	60	51
37	61	50
36	60	51
36	60	51
36	60	51
38	61	50
37	60	51
36	60	51
34	59	49
36	60	50
36	59	50
36	60	50
37	60	49
38	61	49
37	60	49
36	60	49
35	59	50
37	61	49
34	59	49
34	58	48
35	60	50
38	61	49
38	61	48
37	61	49
37	61	49
35	60	49
35	60	49
35	60	49
35	60	48
35	60	49
35	60	48
35	60	49
35	60	49
35	60	49
35	60	49
35	60	49
36	60	50
36	60	49
36	60	50
36	60	50
36	60	50
36	60	50
36	61	49
36	61	49
36	61	50
36	61	50
36	61	50
36	61	50
36	60	51
35	59	49
35	59	50
35	59	50
35	59	50
35	59	50
35	58	49
35	59	49
35	59	50
35	59	50
35	59	50
35	59	49
35	59	49
35	59	48
34	58	49
34	58	49
34	58	49
34	58	48
34	58	49
34	58	48
34	58	48
34	58	49
34	58	48
35	59	48
35	59	48
34	58	47
34	58	47
34	58	47
34	58	48
34	58	48
34	58	47
34	58	47
34	58	47
33	57	48
33	57	48
33	56	47
33	56	47
33	56	47
33	57	48
33	57	48
33	57	48
33	57	48
33	57	48
33	57	48
32	56	47
33	57	48
32	56	47
32	56	47
32	56	47
32	56	47
36	60	50
36	60	50
36	60	50
36	60	50
36	60	50
36	60	50
36	60	50
37	61	50
37	61	50
37	61	50
36	60	50
36	60	50
37	61	50
37	61	50
37	61	50
36	60	50
36	60	49
36	59	50
35	59	50
35	59	50
35	59	50
35	59	50
35	59	50
39	61	49
37	60	49
36	60	50
36	59	50
36	60	50
37	60	49
36	60	49
35	59	50
36	59	49
36	59	49
36	60	50
35	59	48
36	60	49
35	59	49
35	60	49
35	59	49
36	61	48
36	60	48
36	60	49
35	59	48
35	59	50
34	59	49
35	60	49
36	60	49
35	59	50
35	59	50
35	59	50
35	60	50
35	60	49
35	60	50
35	60	50
35	60	50
35	60	50
35	60	50
35	60	50
36	60	50
36	60	50
36	60	49
36	60	49
36	59	49
36	59	49
35	58	48
35	58	48
35	58	48
35	58	48
34	58	48
34	58	48
34	58	48
34	58	48
34	58	48
34	58	48
34	58	48
34	58	48
34	58	48
34	58	48
34	58	48
35	59	48
35	59	48
35	59	48
35	59	48
35	59	48
35	59	48
35	59	48
35	59	48
34	59	49
34	59	49
34	59	49
34	59	49
34	59	49
34	58	49
34	58	48
34	58	47
33	57	48
33	57	48
33	57	48
33	57	48
33	57	48
33	57	48
32	57	47
32	57	47
32	57	47
32	57	47
32	57	47
32	56	46
32	57	47
32	56	46
32	56	46
32	56	46
32	56	46
36	60	50
36	60	50
36	60	50
36	60	50
36	60	50
36	60	50
36	60	50
37	61	50
37	61	50
36	60	50
36	60	50
36	60	50
36	60	50
37	61	50
37	60	49
36	60	50
36	60	49
35	59	50
35	58	49
35	58	49
35	59	50
35	59	50
35	59	50
37	60	49
36	60	49
34	58	49
35	58	49
36	59	50
36	59	50
36	60	49
35	59	50
36	59	49
36	59	49
36	59	49
35	59	48
35	59	48
35	59	49
35	59	49
35	59	49
36	59	49
36	60	49
36	59	49
35	59	49
34	59	49
34	59	49
34	59	49
35	59	48
35	59	50
35	59	50
35	59	50
35	60	50
35	60	50
35	60	50
35	60	50
35	60	50
35	60	50
35	60	50
35	60	50
36	60	50
36	60	50
36	60	49
36	60	49
36	59	49
36	59	48
35	59	48
35	59	48
35	59	48
35	59	48
34	58	48
34	58	48
34	58	48
34	58	48
34	58	48
34	58	48
34	58	48
34	58	48
34	58	48
34	58	48
34	58	48
35	59	48
35	59	48
35	59	48
35	59	48
35	59	48
35	59	48
35	59	48
35	59	48
34	59	49
34	59	49
34	59	49
34	59	49
34	59	49
34	58	49
34	58	49
34	58	48
33	57	48
33	57	48
33	57	48
33	57	48
33	57	48
33	57	48
32	57	47
32	57	47
32	57	47
32	57	47
32	56	46
32	56	46
32	56	46
32	56	46
32	56	46
32	56	46
32	56	46
36	60	50
36	60	50
36	60	50
36	60	50
36	60	50
36	60	50
36	60	50
37	61	50
37	61	50
36	60	50
36	60	50
36	60	50
36	60	50
37	61	50
36	60	49
36	60	50
36	59	50
35	59	50
35	58	49
35	58	49
35	58	49
35	59	50
35	59	50
36	60	49
35	59	50
34	58	49
34	58	49
35	59	50
36	60	49
36	60	49
35	59	49
35	59	49
35	59	48
35	59	48
35	59	48
35	59	49
35	59	49
35	59	49
35	59	49
35	59	49
35	59	48
35	59	48
34	59	49
34	59	49
34	59	49
34	59	49
35	59	48
35	59	50
35	59	50
35	59	50
35	60	50
35	60	50
35	60	50
35	60	50
35	60	50
35	60	50
35	60	50
35	60	50
36	60	50
36	60	50
36	60	49
36	60	49
36	59	49
36	59	48
35	59	48
35	59	48
35	59	48
34	58	48
34	58	48
34	58	48
34	58	48
34	58	48
34	58	48
34	58	48
34	58	48
34	58	48
34	58	48
34	58	48
34	58	48
34	58	48
34	58	48
34	58	48
34	58	48
34	58	48
34	58	48
34	58	48
34	58	48
34	58	48
34	58	48
34	58	48
34	58	48
34	58	48
34	58	48
34	58	48
34	58	48
33	57	48
33	57	48
33	57	48
33	57	48
33	57	48
33	57	48
32	57	47
32	57	47
32	57	47
32	57	47
32	56	46
32	56	46
32	56	46
32	56	46
32	56	46
32	56	46
32	56	46
36	60	50
36	60	50
36	60	50
36	60	50
36	60	50
36	60	50
36	60	50
36	60	50
36	60	50
36	60	50
36	60	50
36	60	50
36	60	50
36	60	50
36	60	49
36	60	50
35	59	50
35	59	50
35	58	49
35	58	49
35	58	49
35	59	50
36	59	50
36	59	50
35	59	50
34	58	49
35	58	49
35	59	50
36	60	49
36	60	49
36	59	50
35	59	49
35	59	49
35	59	49
35	59	49
35	59	49
35	59	49
35	59	49
35	59	49
34	59	49
34	59	49
35	59	49
34	59	49
34	59	49
34	59	49
34	59	49
35	59	48
35	59	50
35	59	50
35	59	50
35	60	50
35	60	50
35	60	50
35	60	50
35	60	50
35	60	50
35	60	50
35	60	50
36	60	50
36	60	50
36	60	49
36	60	49
36	59	49
35	59	49
35	59	48
35	59	48
34	58	48
34	58	48
34	58	48
34	58	48
34	58	48
34	58	48
34	58	48
34	58	48
34	58	48
34	58	48
34	58	48
34	58	48
34	58	48
34	58	48
34	58	48
34	58	48
34	58	48
34	58	48
34	58	48
34	58	48
34	58	48
34	58	48
34	58	48
34	58	48
34	58	48
34	58	48
34	58	48
34	58	48
33	57	48
33	57	48
33	57	48
33	57	48
33	57	48
33	57	48
33	57	48
32	57	47
32	57	47
32	57	47
32	57	47
32	56	46
32	56	46
32	56	46
32	56	46
32	56	46
32	56	46
32	56	46
36	60	50
36	60	50
36	60	50
36	60	50
36	60	50
36	60	50
36	60	50
36	60	50
36	60	50
36	60	50
36	60	50
36	60	50
36	60	50
36	60	50
36	60	49
36	59	50
35	59	50
35	59	49
34	58	49
34	58	49
35	59	49
35	59	49
36	59	50
36	60	49
36	59	50
35	59	50
35	59	49
35	59	49
35	59	50
35	59	49
35	59	50
34	58	49
35	59	48
35	59	48
35	59	48
35	59	48
35	59	48
35	59	48
35	59	48
34	58	49
34	59	49
35	59	48
35	59	48
34	59	49
34	59	49
34	59	49
35	59	48
34	59	49
34	59	49
34	59	49
34	59	49
34	59	49
35	59	49
35	59	49
35	59	49
35	59	49
35	59	49
35	59	49
35	59	49
35	59	49
36	59	49
36	59	49
36	59	49
35	59	49
35	59	48
34	58	48
34	58	48
34	58	48
34	58	48
34	58	48
34	58	48
34	58	48
34	58	48
34	58	48
34	58	48
34	58	48
34	58	48
34	58	48
34	58	48
34	58	48
34	58	48
34	58	48
34	58	48
34	58	48
34	58	48
34	58	48
34	58	48
34	58	48
34	58	48
34	58	48
34	58	48
34	58	48
34	58	48
34	58	48
33	57	48
33	57	48
33	57	48
33	57	48
33	57	48
33	57	48
33	57	48
32	57	47
32	57	47
32	57	47
32	57	47
32	56	46
32	56	46
32	56	46
32	56	46
32	56	46
32	56	46
32	56	46
36	60	50
36	60	50
36	60	50
36	60	50
36	60	50
36	60	50
36	60	50
36	60	50
36	60	50
36	60	51
36	60	51
36	60	51
36	60	51
36	60	50
36	60	49
35	59	50
35	59	49
34	58	49
34	58	49
34	58	49
35	59	49
35	59	49
36	59	50
35	59	49
35	59	50
34	58	49
34	59	49
34	58	49
34	59	49
34	58	49
34	58	49
34	59	49
34	59	49
34	59	49
34	59	49
35	59	48
35	59	48
35	59	48
35	59	48
34	59	49
35	59	48
35	59	49
35	59	48
35	59	48
34	59	49
34	59	49
34	59	49
34	59	49
34	59	49
34	59	49
34	59	49
34	59	49
35	59	49
35	59	49
35	59	49
35	59	49
35	59	49
35	59	49
35	59	49
35	59	49
36	59	49
36	59	49
35	59	49
35	59	48
34	58	48
34	58	48
34	58	48
34	58	48
34	58	48
34	58	48
34	58	48
34	58	48
34	58	48
34	58	48
34	58	48
34	58	48
34	58	48
34	58	48
34	58	48
34	58	48
34	58	48
34	58	48
34	58	48
34	58	48
34	58	48
34	58	48
34	58	48
34	58	48
34	58	48
34	58	48
34	58	48
34	58	48
34	58	48
34	58	48
33	57	48
33	57	48
33	57	48
33	57	48
33	57	48
33	57	48
33	57	48
32	57	47
32	57	47
32	57	47
32	57	47
32	56	46
32	56	46
32	56	46
32	56	46
32	56	46
32	56	46
32	56	46
36	60	50
36	60	50
36	60	50
36	60	50
36	60	50
36	60	50
36	60	50
36	60	50
36	60	50
36	60	51
35	60	50
35	60	50
36	60	51
36	60	50
36	59	50
35	59	50
35	59	49
34	58	49
34	59	49
34	58	49
35	59	49
35	59	49
36	59	50
35	59	49
35	59	49
34	58	49
34	59	49
34	59	49
34	58	49
35	59	50
36	59	50
34	59	49
34	59	49
34	59	49
34	59	49
34	59	49
35	59	48
35	59	48
35	59	48
35	59	48
35	59	49
36	59	48
36	59	48
35	59	48
34	59	49
34	59	49
34	59	49
34	59	49
34	59	49
34	59	49
34	59	49
34	59	49
35	59	49
35	59	49
35	59	49
35	59	49
35	59	49
35	59	49
35	59	49
35	59	49
36	59	49
36	59	49
35	59	49
35	59	48
34	58	48
34	58	48
34	58	48
34	58	48
34	58	48
34	58	48
34	58	48
34	58	48
34	58	48
34	58	48
34	58	48
34	58	48
34	58	48
34	58	48
34	58	48
34	58	48
34	58	48
34	58	48
34	58	48
34	58	48
34	58	48
34	58	48
34	58	48
34	58	48
34	58	48
34	58	48
34	58	48
34	58	48
33	57	48
33	57	48
33	57	48
33	57	48
33	57	48
33	57	48
33	57	48
33	57	48
33	57	48
32	57	47
32	57	47
32	57	47
32	57	47
32	56	46
32	56	46
32	56	46
32	56	46
32	56	46
32	56	46
32	56	46
36	60	50
36	60	50
36	60	50
36	60	50
36	60	50
36	60	50
36	60	50
36	60	50
36	60	51
36	60	51
35	60	50
35	60	50
36	60	51
36	60	51
36	59	50
35	59	50
34	58	49
34	59	49
34	59	49
34	58	49
35	59	49
35	59	49
36	59	50
35	59	49
35	59	49
35	59	50
35	59	49
35	59	50
35	59	49
36	60	49
37	60	48
34	59	49
34	59	49
34	59	49
34	59	49
34	59	49
35	59	48
35	59	48
35	59	48
35	59	48
36	59	48
36	60	48
36	59	48
35	59	48
34	59	49
34	59	49
34	59	49
34	59	49
34	59	49
34	59	49
34	59	49
34	59	49
35	59	49
35	59	49
35	59	49
35	59	49
35	59	49
35	59	49
35	59	49
35	59	49
36	59	49
36	59	49
35	59	49
34	58	48
34	58	48
34	58	48
34	58	48
34	58	48
34	58	48
34	58	48
34	58	48
34	58	48
34	58	48
34	58	48
34	58	48
34	58	48
34	58	48
34	58	48
34	58	48
34	58	48
34	58	48
34	58	48
34	58	48
34	58	48
34	58	48
34	58	48
34	58	48
34	58	48
34	58	48
34	58	48
34	58	48
34	58	48
33	57	48
33	57	48
33	57	48
33	57	48
33	57	48
33	57	48
33	57	48
33	57	48
33	57	48
32	57	47
32	57	47
32	57	47
32	57	47
32	56	46
32	56	46
32	56	46
32	56	46
32	56	46
32	56	46
32	56	46
36	60	50
36	60	50
36	60	50
36	60	50
36	60	50
36	60	50
36	60	50
36	60	50
36	60	50
36	60	50
36	60	51
36	60	51
35	60	50
35	60	50
35	59	50
34	59	49
35	59	48
35	59	48
35	59	49
35	59	49
35	59	48
35	59	48
34	58	49
34	58	49
34	58	49
34	58	49
35	59	48
35	59	48
35	59	49
35	59	49
35	59	49
34	58	48
34	58	48
34	58	48
34	58	48
34	58	48
34	58	48
34	58	48
34	58	48
34	58	48
34	58	48
34	58	48
34	58	48
34	58	48
34	58	48
34	58	48
34	58	48
34	59	49
34	59	49
34	59	49
34	59	49
34	59	49
34	59	49
34	59	49
34	59	49
35	59	48
35	59	48
35	59	48
35	59	48
35	59	48
35	59	48
35	59	48
35	59	48
34	58	48
34	58	48
34	58	48
34	58	48
34	58	48
34	58	48
34	58	48
34	58	48
34	58	48
34	58	48
34	58	48
34	58	48
34	58	48
34	58	48
34	58	48
34	58	48
33	57	48
33	57	48
33	57	48
33	57	48
33	57	48
33	57	48
33	57	48
33	57	48
34	58	48
34	58	48
34	58	48
33	57	48
33	57	48
33	57	48
33	57	48
33	57	48
33	57	48
33	57	48
33	57	48
33	57	48
33	57	48
33	57	48
32	57	47
32	57	47
33	57	46
33	57	46
32	57	46
32	57	46
32	57	46
32	57	46
32	56	46
32	56	46
32	56	47
36	60	50
36	60	50
36	60	50
36	60	50
36	60	50
36	60	50
36	60	50
36	60	50
36	60	50
36	60	50
36	60	51
36	60	51
35	60	50
35	60	50
35	59	50
34	59	49
35	59	48
35	59	48
35	59	49
35	59	49
35	59	48
35	59	48
34	58	49
34	58	49
34	58	49
34	58	49
35	59	48
35	59	48
35	59	49
35	59	49
35	59	49
34	58	48
34	58	48
34	58	48
34	58	48
34	58	48
34	58	48
34	58	48
34	58	48
34	58	48
34	58	48
34	58	48
34	58	48
34	58	48
34	58	48
34	58	48
34	58	48
34	59	49
34	59	49
34	59	49
34	59	49
34	59	49
34	59	49
34	59	49
34	59	49
35	59	48
35	59	48
35	59	48
35	59	48
35	59	48
35	59	48
35	59	48
35	59	48
34	58	48
34	58	48
34	58	48
34	58	48
34	58	48
34	58	48
34	58	48
34	58	48
34	58	48
34	58	48
34	58	48
34	58	48
34	58	48
34	58	48
34	58	48
34	58	48
33	57	48
33	57	48
33	57	48
33	57	48
33	57	48
33	57	48
33	57	48
33	57	48
34	58	48
34	58	48
34	58	48
33	57	48
33	57	48
33	57	48
33	57	48
33	57	48
33	57	48
33	57	48
33	57	48
33	57	48
33	57	48
33	57	48
32	57	47
32	57	47
33	57	46
33	57	46
32	57	46
32	57	46
32	57	46
32	57	46
32	56	46
32	56	46
32	56	47
36	60	50
36	60	50
36	60	50
36	60	50
36	60	50
36	60	50
36	60	50
36	60	50
36	60	50
36	60	50
36	60	51
36	60	51
35	60	50
35	60	50
35	59	50
34	59	49
35	59	48
35	59	48
35	59	48
35	59	48
35	59	48
35	59	48
34	59	49
34	59	49
34	59	49
34	59	49
34	59	49
35	59	48
35	59	48
35	59	48
35	59	48
34	58	48
34	58	48
34	58	48
34	58	48
34	58	48
34	58	48
34	58	48
34	58	48
34	58	48
34	58	48
34	58	48
34	58	48
34	58	48
34	58	48
34	58	48
34	58	48
34	59	49
34	59	49
34	59	49
34	59	49
34	59	49
34	59	49
34	59	49
34	59	49
35	59	48
35	59	48
35	59	48
35	59	48
35	59	48
35	59	48
35	59	48
35	59	48
34	58	48
34	58	48
34	58	48
34	58	48
34	58	48
34	58	48
34	58	48
34	58	48
34	58	48
34	58	48
34	58	48
34	58	48
34	58	48
34	58	48
34	58	48
34	58	48
33	57	48
33	57	48
33	57	48
33	57	48
33	57	48
33	57	48
33	57	48
33	57	48
33	57	48
33	57	48
33	57	48
33	57	48
33	57	48
33	57	48
33	57	48
33	57	48
33	57	48
33	57	48
33	57	48
33	57	48
33	57	48
33	57	48
32	57	47
32	57	47
33	57	46
33	57	46
32	57	46
32	57	46
32	57	46
32	57	46
32	56	46
32	56	46
32	56	47
36	60	50
36	60	50
36	60	50
36	60	50
36	60	50
36	60	50
36	60	50
36	60	50
36	60	50
36	60	50
36	60	51
36	60	51
35	60	50
35	60	50
35	59	50
34	59	49
35	59	48
35	59	48
35	59	48
35	59	48
35	59	48
35	59	48
34	59	49
34	59	49
34	59	49
34	59	49
34	59	49
34	59	49
34	59	49
34	59	49
34	58	48
34	58	48
34	58	48
34	58	48
34	58	48
34	58	48
34	58	48
34	58	48
34	58	48
34	58	48
34	58	48
34	58	48
34	58	48
34	58	48
34	58	48
34	58	48
34	58	48
34	58	48
34	59	49
34	59	49
34	59	49
34	59	49
34	59	49
34	59	49
34	59	49
35	59	48
35	59	48
35	59	48
35	59	48
35	59	48
35	59	48
35	59	48
35	59	48
34	58	48
34	58	48
34	58	48
34	58	48
34	58	48
34	58	48
34	58	48
34	58	48
34	58	48
34	58	48
34	58	48
34	58	48
34	58	48
34	58	48
34	58	48
34	58	48
33	57	48
33	57	48
33	57	48
33	57	48
33	57	48
33	57	48
33	57	48
33	57	48
33	57	48
33	57	48
33	57	48
33	57	48
33	57	48
33	57	48
33	57	48
33	57	48
33	57	48
33	57	48
33	57	48
33	57	48
33	57	48
33	57	48
32	57	47
32	57	47
32	57	47
32	57	47
32	56	46
32	56	46
32	56	46
32	56	46
32	56	46
32	56	46
32	56	47
36	60	50
36	60	50
36	60	50
36	60	50
36	60	50
36	60	50
36	60	50
36	60	50
36	60	50
36	60	50
36	60	51
36	60	51
35	60	50
35	60	50
35	59	50
34	59	49
35	59	48
35	59	48
35	59	48
35	59	48
35	59	48
35	59	48
34	59	49
34	59	49
34	59	49
34	59	49
34	59	49
34	59	49
34	59	49
34	59	49
34	58	48
34	58	48
34	58	48
34	58	48
34	58	48
34	58	48
34	58	48
34	58	48
34	58	48
34	58	48
34	58	48
34	58	48
34	58	48
34	58	48
34	58	48
34	58	48
34	58	48
34	58	48
34	58	48
34	58	48
34	58	48
34	58	48
34	58	48
34	58	48
34	58	48
34	58	48
34	58	48
34	58	48
34	58	48
34	58	48
34	58	48
34	58	48
34	58	48
34	58	48
34	58	48
34	58	48
34	58	48
34	58	48
34	58	48
34	58	48
34	58	48
34	58	48
34	58	48
34	58	48
34	58	48
34	58	48
34	58	48
34	58	48
34	58	48
33	57	48
33	57	48
33	57	48
33	57	48
33	57	48
33	57	48
33	57	48
33	57	48
33	57	48
33	57	48
33	57	48
33	57	48
33	57	48
33	57	48
33	57	48
33	57	48
33	57	48
33	57	48
33	57	48
33	57	48
33	57	48
33	57	48
32	57	47
32	57	47
32	57	47
32	57	47
32	56	46
32	56	46
32	56	46
32	56	46
32	56	46
32	56	46
32	56	47
36	60	50
36	60	50
36	60	50
36	60	50
36	60	50
36	60	50
36	60	50
36	60	50
36	60	50
36	60	50
36	60	51
36	60	51
35	60	50
35	60	50
35	59	50
34	59	49
35	59	48
35	59	48
35	59	48
35	59	48
35	59	48
35	59	48
34	59	49
34	59	49
34	59	49
34	59	49
34	59	49
34	59	49
34	59	49
34	59	49
34	58	48
34	58	48
34	58	48
34	58	48
34	58	48
34	58	48
34	58	48
34	58	48
34	58	48
33	57	48
33	57	48
33	57	48
33	57	48
33	57	48
33	57	48
33	57	48
33	57	48
34	58	48
34	58	48
34	58	48
34	58	48
34	58	48
34	58	48
34	58	48
34	58	48
34	58	48
34	58	48
34	58	48
34	58	48
34	58	48
34	58	48
34	58	48
34	58	48
34	58	48
34	58	48
34	58	48
34	58	48
34	58	48
34	58	48
34	58	48
34	58	48
34	58	48
34	58	48
34	58	48
34	58	48
34	58	48
34	58	48
34	58	48
34	58	48
33	57	48
33	57	48
33	57	48
33	57	48
33	57	48
33	57	48
33	57	48
33	57	48
33	57	48
33	57	48
33	57	48
33	57	48
33	57	48
33	57	48
33	57	48
33	57	48
33	57	48
33	57	48
33	57	48
33	57	48
33	57	48
33	57	48
32	57	47
32	57	47
32	56	46
32	56	46
32	56	47
32	56	47
32	56	47
32	56	47
32	55	46
32	55	46
32	56	47
36	60	50
36	60	50
36	60	50
36	60	50
36	60	50
36	60	50
36	60	50
36	60	50
36	60	50
36	60	50
36	60	51
36	60	51
35	60	50
35	60	50
35	59	50
34	59	49
35	59	48
35	59	48
35	59	48
35	59	48
35	59	48
35	59	48
34	59	49
34	59	49
34	59	49
34	59	49
34	59	49
34	59	49
34	58	49
34	58	49
34	58	48
34	58	48
34	58	48
34	58	48
34	58	48
34	58	48
34	58	48
34	58	48
34	58	48
33	57	48
33	57	48
33	57	48
33	57	48
33	57	48
33	57	48
33	57	48
33	57	48
34	58	48
34	58	48
34	58	48
34	58	48
34	58	48
34	58	48
34	58	48
34	58	48
34	58	48
34	58	48
34	58	48
34	58	48
34	58	48
34	58	48
34	58	48
34	58	48
34	58	48
34	58	48
34	58	48
34	58	48
34	58	48
34	58	48
34	58	48
34	58	48
34	58	48
34	58	48
34	58	48
34	58	48
34	58	48
34	58	48
34	58	48
34	58	48
33	57	48
33	57	48
33	57	48
33	57	48
33	57	48
33	57	48
33	57	48
33	57	48
33	57	48
33	57	48
33	57	48
33	57	48
33	57	48
33	57	48
33	57	48
33	57	48
33	57	48
33	57	48
33	57	48
33	57	48
33	57	48
33	57	48
32	57	47
32	57	47
32	56	46
32	56	46
32	56	47
32	56	47
32	56	47
32	56	47
32	55	46
32	55	46
32	56	47
36	60	50
36	60	50
36	60	50
36	60	50
36	60	50
36	60	50
36	60	50
36	60	50
36	60	50
36	60	50
36	60	51
36	60	51
35	60	50
35	60	50
35	59	49
34	59	49
35	59	48
35	59	48
35	59	48
35	59	48
35	59	48
35	59	48
34	59	49
34	59	49
34	58	48
34	59	49
34	58	48
34	58	48
34	58	48
34	58	48
34	58	48
34	58	48
34	58	48
34	58	48
34	58	48
34	58	48
34	58	48
34	58	48
34	58	48
33	57	48
33	57	48
33	57	48
33	57	48
33	57	48
33	57	48
33	57	48
33	57	48
34	58	48
34	58	48
34	58	48
34	58	48
34	58	48
34	58	48
34	58	48
34	58	48
34	58	48
34	58	48
34	58	48
34	58	48
34	58	48
34	58	48
34	58	48
34	58	48
34	58	48
34	58	48
34	58	48
34	58	48
34	58	48
33	57	48
34	58	48
33	57	48
34	58	48
34	58	48
34	58	48
34	58	48
34	58	48
34	58	48
34	58	48
34	58	48
33	57	48
33	57	48
33	57	48
33	57	48
33	57	48
33	57	48
33	57	48
33	57	48
33	57	48
33	57	48
33	57	48
33	57	48
33	57	48
33	57	48
33	57	48
33	57	48
32	57	47
32	57	47
32	57	47
32	57	47
32	57	47
32	57	47
32	56	46
32	56	46
32	56	47
32	56	47
32	56	47
32	55	46
32	56	47
32	55	46
32	55	46
32	55	46
32	55	46
36	60	49
36	60	49
36	60	49
36	60	49
36	60	49
36	60	49
36	60	49
35	60	50
35	60	50
35	60	50
35	60	50
35	60	50
35	59	50
35	59	50
34	59	49
35	59	49
35	59	48
35	59	48
34	59	48
34	58	47
34	58	48
34	58	48
34	58	48
34	58	47
34	58	47
34	58	48
33	58	48
33	57	48
33	58	48
33	58	48
34	58	47
34	58	48
34	58	48
34	58	48
34	58	48
34	58	48
34	58	48
34	58	48
34	58	48
34	58	47
34	58	47
34	58	47
34	58	47
34	58	47
34	58	47
34	58	47
34	58	48
34	58	48
34	58	48
34	58	48
34	58	48
34	58	48
34	58	48
34	58	48
34	58	48
34	58	48
34	58	48
34	58	48
34	58	48
34	58	48
34	58	48
34	58	48
34	58	48
33	58	48
33	57	47
33	58	48
33	57	47
33	58	48
33	57	47
33	58	48
33	57	47
33	57	48
33	57	48
33	57	48
33	57	48
33	57	48
33	57	48
33	57	48
33	57	48
33	57	47
33	57	47
33	57	47
33	57	47
33	57	47
33	57	47
33	57	47
33	57	47
33	57	48
33	57	48
33	57	48
33	57	48
33	57	48
33	57	48
33	57	48
32	57	47
32	56	46
32	56	45
32	56	45
32	56	45
32	56	45
32	56	45
32	56	45
32	56	45
32	56	45
32	56	45
32	56	45
31	55	45
32	56	45
31	55	45
31	55	45
31	55	45
30	54	44
36	60	49
36	60	49
36	60	49
36	60	49
36	60	49
36	60	49
36	60	49
35	60	50
35	60	50
35	60	50
35	60	50
35	60	50
35	59	50
35	59	50
34	59	49
35	59	48
35	59	48
34	59	48
34	59	48
34	58	47
34	58	48
34	58	48
34	58	48
34	58	47
34	58	47
34	58	47
33	58	48
33	57	48
33	57	47
33	57	48
33	57	48
34	58	47
34	58	48
34	58	48
34	58	48
34	58	48
34	58	48
34	58	48
34	58	48
34	58	47
34	58	47
34	58	47
34	58	47
34	58	47
34	58	47
34	58	47
34	58	47
34	58	48
34	58	48
34	58	48
34	58	48
34	58	48
34	58	48
34	58	48
34	58	48
34	58	48
34	58	48
34	58	48
34	58	48
34	58	48
34	58	48
34	58	48
34	58	48
33	57	47
33	57	47
33	57	47
33	57	47
33	57	47
33	57	47
33	57	47
33	57	47
33	57	48
33	57	48
33	57	48
33	57	48
33	57	48
33	57	48
33	57	48
33	57	48
33	57	47
33	57	47
33	57	47
33	57	47
33	57	47
33	57	47
33	57	47
33	57	47
33	57	48
33	57	48
33	57	48
33	57	48
33	57	48
33	57	48
33	57	48
32	57	47
32	56	45
31	55	45
31	55	45
31	55	45
31	55	45
31	55	45
31	55	45
31	55	45
31	55	45
31	55	45
31	55	45
31	55	45
31	55	45
31	55	45
31	55	45
31	55	45
32	55	45
36	60	49
36	60	49
36	60	49
36	60	49
36	60	49
36	60	49
36	60	49
35	60	50
35	60	50
35	60	50
35	60	50
35	60	50
35	59	50
35	59	50
34	59	49
35	59	48
34	59	48
34	59	48
34	59	48
34	58	48
34	58	48
34	58	48
34	58	48
34	58	47
34	58	47
33	57	48
33	57	47
33	57	47
33	57	47
33	57	48
33	57	48
34	58	47
34	58	47
34	58	47
34	58	47
34	58	47
34	58	47
34	58	47
34	58	47
33	58	48
33	58	48
33	58	48
33	58	48
33	58	48
33	58	48
33	58	48
33	58	48
34	58	48
34	58	48
34	58	48
34	58	48
34	58	48
34	58	48
34	58	48
34	58	48
34	58	48
34	58	48
34	58	48
34	58	48
34	58	48
34	58	48
34	58	48
34	58	48
33	57	47
33	57	47
33	57	47
33	57	47
33	57	47
33	57	47
33	57	47
33	57	47
33	57	48
33	57	48
33	57	48
33	57	48
33	57	48
33	57	48
33	57	48
33	57	48
33	57	47
33	57	47
33	57	47
33	57	47
33	57	47
33	57	47
33	57	47
33	57	47
33	57	48
33	57	48
33	57	48
33	57	48
33	57	48
33	57	48
33	57	48
32	57	47
32	56	45
31	55	45
31	55	45
31	55	45
31	55	45
31	55	45
31	55	45
31	55	45
31	55	45
31	55	45
31	55	45
31	55	45
31	55	45
31	55	45
31	55	45
31	55	45
30	54	44
36	60	50
36	60	50
36	60	50
36	60	50
36	60	50
36	60	50
36	60	50
35	60	50
35	60	50
35	60	50
35	60	50
35	60	50
35	59	50
35	59	50
34	59	49
34	59	48
34	59	48
34	59	48
34	59	48
34	58	48
34	58	48
34	58	47
34	58	47
34	58	47
34	58	47
33	57	48
33	57	48
33	57	48
33	57	48
33	57	48
33	57	48
33	58	48
33	58	48
33	58	48
33	58	48
33	58	48
33	58	48
33	58	48
33	58	48
33	58	48
33	58	48
33	58	48
33	58	48
33	58	48
33	58	48
33	58	48
33	58	48
34	58	48
34	58	48
34	58	48
34	58	48
34	58	48
34	58	48
34	58	48
34	58	48
34	58	48
34	58	48
34	58	48
34	58	48
34	58	48
34	58	48
33	57	48
33	57	48
33	57	47
33	57	47
33	57	47
33	57	47
33	57	47
33	57	47
33	57	47
33	57	47
33	57	48
33	57	48
33	57	48
33	57	48
33	57	48
33	57	48
33	57	48
33	57	48
33	57	47
33	57	47
33	57	47
33	57	47
33	57	47
33	57	47
33	57	47
33	57	47
33	57	48
33	57	48
33	57	48
33	57	48
33	57	48
33	57	48
33	57	48
32	57	47
31	55	46
31	55	45
31	55	45
31	55	45
31	55	45
31	55	45
31	55	45
31	55	45
31	55	45
31	55	45
31	55	45
31	55	45
31	55	45
31	55	45
31	55	45
31	55	45
30	54	45
35	59	49
35	59	49
35	59	49
35	59	49
35	59	49
35	59	49
35	59	49
35	59	49
35	59	49
35	59	49
34	59	49
34	59	49
34	59	49
34	59	49
34	59	49
34	59	48
34	58	47
34	58	48
34	58	48
34	58	48
34	58	47
33	58	48
33	58	48
33	58	48
34	58	47
33	57	48
33	57	48
33	57	48
33	57	48
33	57	47
33	57	48
33	58	48
33	58	48
33	58	48
33	58	48
33	58	48
33	58	48
33	58	48
33	58	48
33	58	48
33	58	48
33	58	48
33	58	48
33	58	48
33	58	48
33	58	48
33	58	48
34	58	48
34	58	48
34	58	48
34	58	48
34	58	48
34	58	48
34	58	48
34	58	48
34	58	48
34	58	48
34	58	48
34	58	48
34	58	48
33	57	48
33	57	48
33	57	48
33	57	47
33	57	47
33	57	47
33	57	47
33	57	47
33	57	47
33	57	47
33	57	47
33	57	48
33	57	48
33	57	48
33	57	48
33	57	48
33	57	48
33	57	48
33	57	48
33	57	47
33	57	47
33	57	47
33	57	47
33	57	47
33	57	47
33	57	47
33	57	47
33	57	48
33	57	48
33	57	48
33	57	48
33	57	48
33	57	48
33	57	48
32	57	47
31	55	46
31	55	45
31	55	45
31	55	45
31	55	45
31	55	45
31	55	45
31	55	45
31	55	45
31	55	45
31	55	45
31	55	45
31	55	45
31	55	45
31	55	45
31	55	45
31	55	45
35	59	49
35	59	49
35	59	49
35	59	49
35	59	49
35	59	49
35	59	49
35	59	49
35	59	49
35	59	49
34	59	49
34	59	49
34	59	49
34	59	49
34	59	49
34	59	48
34	58	48
34	58	48
34	58	48
34	58	47
34	58	47
33	58	48
33	57	48
33	57	48
33	57	47
33	57	48
34	58	47
34	58	47
34	58	47
33	57	47
33	57	47
33	57	48
33	57	48
33	57	48
33	57	48
33	57	48
33	57	48
33	57	48
33	57	48
33	58	48
33	58	48
33	58	48
33	58	48
33	58	48
33	58	48
33	58	48
33	58	48
34	58	48
34	58	48
34	58	48
34	58	48
34	58	48
34	58	48
34	58	48
34	58	48
34	58	48
34	58	48
34	58	48
34	58	48
33	57	48
33	57	48
33	57	48
33	57	48
33	57	47
33	57	47
33	57	47
33	57	47
33	57	47
33	57	47
33	57	47
33	57	47
33	57	48
33	57	48
33	57	48
33	57	48
33	57	48
33	57	48
33	57	48
33	57	48
33	57	47
33	57	47
33	57	47
33	57	47
33	57	47
33	57	47
33	57	47
33	57	47
33	57	48
33	57	48
33	57	48
33	57	48
33	57	48
33	57	48
33	57	48
32	57	47
31	55	45
31	55	45
31	55	45
31	55	45
31	55	45
31	55	45
31	55	45
31	55	45
31	55	45
31	55	45
31	55	45
31	55	45
31	55	45
31	55	45
31	55	45
31	55	45
30	54	44
35	59	49
35	59	49
35	59	49
35	59	49
35	59	49
35	59	49
35	59	49
35	59	49
35	59	49
35	59	49
34	59	49
34	59	49
34	59	49
34	59	49
34	59	49
34	59	48
34	58	48
34	58	48
34	58	47
33	58	48
33	58	48
33	57	48
33	57	48
33	56	47
33	57	48
33	57	48
33	57	47
34	57	47
33	57	47
33	57	47
33	57	47
33	57	48
33	57	48
33	57	48
33	57	48
33	57	48
33	57	48
33	57	48
33	57	48
33	57	47
33	57	47
33	57	47
33	57	47
33	57	47
33	57	47
33	57	47
33	57	47
33	57	48
33	57	48
33	57	48
33	57	48
33	57	48
33	57	48
33	57	48
33	57	48
33	57	48
33	57	48
33	57	48
33	57	48
33	57	48
33	57	48
33	57	48
33	57	48
33	57	47
33	57	46
33	57	46
33	57	46
33	57	46
33	57	46
33	57	46
33	57	46
32	57	47
32	57	47
32	57	47
32	57	47
32	57	47
32	57	47
32	57	47
32	57	47
33	57	46
33	57	46
33	57	46
33	57	46
33	57	46
33	57	46
33	57	46
33	57	46
32	57	47
32	57	47
32	57	47
32	57	47
32	57	47
32	57	47
32	57	47
32	56	46
31	55	45
31	55	45
31	55	45
31	55	45
31	55	45
31	55	45
31	55	45
31	55	45
31	55	45
31	55	45
31	55	45
31	55	45
31	55	45
31	55	45
31	55	45
31	55	45
31	55	45
35	59	49
35	59	49
35	59	49
35	59	49
35	59	49
35	59	49
35	59	49
35	59	49
35	59	49
35	59	49
34	59	49
34	59	49
34	59	49
34	59	49
34	59	49
34	58	48
34	58	48
34	58	48
34	58	47
33	58	48
33	57	48
33	57	48
33	57	48
33	56	47
33	57	48
33	57	47
33	57	47
34	57	47
33	57	47
33	57	47
33	57	47
33	57	48
33	57	48
33	57	48
33	57	48
33	57	48
33	57	48
33	57	48
33	57	48
33	57	47
33	57	47
33	57	47
33	57	47
33	57	47
33	57	47
33	57	47
33	57	47
33	57	48
33	57	48
33	57	48
33	57	48
33	57	48
33	57	48
33	57	48
33	57	48
33	57	48
33	57	48
33	57	48
33	57	48
33	57	48
33	57	48
33	57	48
33	57	48
33	57	46
33	57	46
33	57	46
33	57	46
33	57	46
33	57	46
33	57	46
33	57	46
32	57	47
32	57	47
32	57	47
32	57	47
32	57	47
32	57	47
32	57	47
32	57	47
33	57	46
33	57	46
33	57	46
33	57	46
33	57	46
33	57	46
33	57	46
33	57	46
32	57	47
32	57	47
32	57	47
32	57	47
32	57	47
32	57	47
32	57	47
32	56	46
31	55	45
31	55	45
31	55	45
31	55	45
31	55	45
31	55	45
31	55	45
31	55	45
31	55	45
31	55	45
31	55	45
31	55	45
31	55	45
31	55	45
31	55	45
31	55	45
31	54	45
35	59	49
35	59	49
35	59	49
35	59	49
35	59	49
35	59	49
35	59	49
34	58	49
35	59	48
35	59	49
35	59	49
35	59	49
35	59	48
34	59	49
34	58	49
34	58	47
33	58	48
33	58	48
33	58	48
33	58	48
33	58	48
33	57	47
33	57	47
33	57	48
32	57	47
32	57	47
32	57	47
32	56	46
32	56	46
32	56	46
32	57	47
33	57	48
33	57	48
33	57	48
33	57	48
33	57	48
33	57	48
33	57	48
33	57	48
33	57	48
33	57	48
33	57	48
33	57	48
33	57	48
33	57	48
33	57	48
33	57	48
33	57	48
33	57	48
33	57	48
33	57	48
33	57	48
33	57	48
33	57	48
33	57	48
33	57	48
33	57	48
33	57	48
33	57	48
33	57	48
33	57	48
33	57	48
33	57	48
33	57	46
33	57	46
33	57	46
33	57	46
33	57	46
33	57	46
33	57	46
33	57	46
32	57	47
32	57	47
32	57	47
32	57	47
32	57	47
32	57	47
32	57	47
32	57	47
32	56	46
32	56	46
32	56	46
32	56	46
32	56	46
32	56	46
32	56	46
32	56	46
32	57	47
32	57	47
32	57	47
32	56	46
32	56	46
32	56	47
32	56	47
32	56	46
31	55	46
31	55	45
31	55	45
31	55	45
31	55	45
31	55	45
31	55	45
31	55	45
31	55	45
31	55	45
31	55	45
31	55	45
31	55	45
31	55	45
31	55	45
31	54	45
30	55	45
35	59	49
35	59	49
35	59	49
35	59	49
35	59	49
35	59	49
35	59	49
35	59	48
35	59	48
35	59	49
35	59	49
35	59	49
35	59	48
34	59	49
34	58	48
34	58	47
33	58	48
33	58	48
33	58	48
33	58	48
33	57	47
33	57	47
33	57	47
32	57	47
32	57	47
32	57	47
32	57	47
32	56	46
32	56	46
32	56	46
32	56	46
32	57	47
33	57	48
33	57	48
33	57	48
33	57	48
33	57	48
33	57	48
33	57	48
33	57	48
33	57	48
33	57	48
33	57	48
33	57	48
33	57	48
33	57	48
33	57	48
33	57	48
33	57	48
33	57	48
33	57	48
33	57	48
33	57	48
33	57	48
33	57	48
33	57	48
33	57	48
33	57	48
33	57	48
33	57	48
33	57	48
33	57	48
33	57	47
33	57	46
33	57	46
33	57	46
33	57	46
33	57	46
33	57	46
33	57	46
33	57	46
32	57	47
32	57	47
32	57	47
32	57	47
32	57	47
32	57	47
32	57	47
32	57	47
32	56	46
32	56	46
32	56	46
32	56	46
32	56	46
32	56	46
32	56	46
32	56	46
32	57	47
32	57	47
32	57	47
32	56	46
32	56	46
32	56	47
32	56	47
32	56	46
31	55	46
31	55	45
31	55	45
31	55	45
31	55	45
31	55	45
31	55	45
31	55	45
31	55	45
31	55	45
31	55	45
31	55	45
31	55	45
31	55	45
31	55	45
31	54	45
30	55	45
35	59	49
35	59	49
35	59	49
35	59	49
35	59	49
35	59	49
35	59	49
35	59	48
35	59	48
35	59	49
35	59	49
35	59	48
34	58	49
34	59	49
34	58	48
34	58	47
33	58	48
33	57	47
33	57	47
33	57	47
33	57	47
33	57	47
33	57	46
32	57	47
32	57	47
32	56	46
32	56	46
32	56	46
32	56	46
32	56	46
32	56	46
32	57	47
32	57	47
32	57	47
32	57	47
32	57	47
32	57	47
32	57	47
32	57	47
32	57	47
32	57	47
32	57	47
32	57	47
32	57	47
32	57	47
32	57	47
32	57	47
33	57	48
33	57	48
33	57	48
33	57	48
33	57	48
33	57	48
33	57	48
33	57	48
33	57	47
33	57	47
33	57	47
33	57	47
33	57	47
33	57	47
33	57	47
33	57	47
33	57	46
32	57	46
32	57	46
32	57	46
32	57	46
32	57	46
32	57	46
32	57	46
32	56	46
32	56	46
32	56	46
32	56	46
32	56	46
32	56	46
32	56	46
32	56	46
32	56	47
32	56	47
32	56	47
32	56	47
32	56	47
32	56	47
32	56	47
32	56	47
32	56	46
32	56	46
32	56	46
32	56	47
32	56	47
32	56	46
32	56	46
32	56	46
31	55	46
31	55	45
31	55	45
31	55	45
31	55	45
31	55	45
31	55	45
31	55	45
31	55	45
31	55	45
31	55	45
31	55	45
31	55	45
31	55	45
31	55	45
31	54	45
30	55	45
35	59	49
35	59	49
35	59	49
35	59	49
35	59	49
35	59	49
35	59	49
35	59	48
35	59	48
35	59	48
35	59	48
34	58	49
34	58	49
34	59	49
34	58	48
33	58	48
33	58	48
33	57	47
33	57	47
33	57	47
33	57	47
33	57	46
33	57	46
32	57	47
32	57	47
32	56	46
32	56	46
32	56	46
32	56	46
32	56	46
32	56	46
32	57	47
32	57	47
32	57	47
32	57	47
32	57	47
32	57	47
32	57	47
32	57	47
32	57	47
32	57	47
32	57	47
32	57	47
32	57	47
32	57	47
32	57	47
32	57	47
33	57	47
33	57	47
33	57	47
33	57	47
33	57	47
33	57	47
33	57	47
33	57	47
32	56	47
32	56	47
32	56	47
32	56	47
32	56	47
32	56	47
32	56	47
32	56	47
32	56	46
32	56	46
32	56	46
32	56	46
32	56	46
32	56	46
32	56	46
32	56	46
32	56	46
32	56	46
32	56	46
32	56	46
32	56	46
32	56	46
32	56	46
32	56	46
32	56	47
32	56	47
32	56	47
32	56	47
32	56	47
32	56	47
32	56	47
32	56	47
32	56	46
32	56	46
32	56	46
32	56	47
32	56	47
32	56	46
32	56	46
31	55	46
31	55	46
31	55	45
31	55	45
31	55	45
31	55	45
31	55	45
31	55	45
31	55	45
31	55	45
31	55	45
31	55	45
31	55	45
31	55	45
31	55	45
31	55	45
31	54	45
30	55	45
34	58	48
34	58	48
34	58	48
34	58	48
34	58	48
34	58	48
34	58	48
34	58	48
34	58	48
34	58	49
34	58	49
34	58	48
34	58	48
34	58	48
34	58	48
33	58	48
33	57	47
33	57	47
33	57	47
33	57	47
33	57	47
33	57	46
33	57	46
32	56	46
32	56	46
32	56	46
32	56	46
32	56	46
32	56	46
32	56	46
32	56	46
32	57	47
32	57	47
32	57	47
32	57	47
32	57	47
32	57	47
32	57	47
32	57	47
32	57	47
32	57	47
32	57	47
32	57	47
32	57	47
32	57	47
32	57	47
32	57	47
33	57	47
33	57	47
33	57	47
33	57	47
33	57	47
33	57	47
33	57	47
33	57	47
32	56	47
32	56	47
32	56	47
32	56	47
32	56	47
32	56	47
32	56	47
32	56	47
32	56	46
32	56	46
32	56	46
32	56	46
32	56	46
32	56	46
32	56	46
32	56	46
32	56	46
32	56	46
32	56	46
32	56	46
32	56	46
32	56	46
32	56	46
32	56	46
32	56	47
32	56	47
32	56	47
32	56	47
32	56	47
32	56	47
32	56	47
32	56	47
32	56	46
32	56	46
32	56	46
32	56	47
32	56	47
32	56	46
32	56	46
31	55	46
31	55	46
31	55	45
31	55	45
31	55	45
31	55	45
31	55	45
31	55	45
31	55	45
31	55	45
31	55	45
31	55	45
31	55	45
31	55	45
31	55	45
31	55	45
31	54	45
30	55	45
34	58	48
34	58	48
34	58	48
34	58	48
34	58	48
34	58	48
34	58	48
34	58	48
34	58	48
34	58	49
34	58	48
34	58	48
34	58	48
34	58	48
34	58	48
33	58	48
33	57	47
33	57	47
33	57	47
33	57	47
33	57	47
33	57	46
33	57	46
32	56	46
32	56	46
32	56	46
32	56	46
32	56	46
32	56	46
32	56	46
32	56	46
32	56	46
32	57	47
32	57	47
32	57	47
32	57	47
32	57	47
32	57	47
32	57	47
32	57	47
32	57	47
32	57	47
32	57	47
32	57	47
32	57	47
32	57	47
32	57	47
32	56	47
32	56	47
32	56	47
32	56	47
32	56	47
32	56	47
32	56	47
32	56	47
32	56	46
32	56	46
32	56	46
32	56	46
32	56	46
32	56	46
32	56	46
32	56	47
32	56	47
32	56	47
32	56	47
32	56	47
32	56	47
32	56	47
32	56	47
32	56	47
32	56	46
32	56	46
32	56	46
32	56	46
32	56	46
32	56	46
32	56	46
32	56	46
32	56	47
32	56	47
32	56	47
32	56	47
32	56	47
32	56	47
32	56	47
32	56	47
32	56	46
32	56	46
32	56	46
32	56	47
32	56	47
32	56	46
32	56	46
31	55	46
31	55	45
31	55	45
31	55	45
31	55	45
31	55	45
31	55	45
31	55	45
31	55	45
31	55	45
31	55	45
31	55	45
31	55	45
31	55	45
31	55	45
31	55	45
31	54	45
30	55	45
34	58	48
34	58	48
34	58	48
34	58	48
34	58	48
34	58	48
34	58	48
34	58	48
34	58	48
34	58	48
34	58	48
34	58	48
34	58	48
34	58	48
34	58	48
33	58	48
33	57	47
33	57	47
33	57	47
33	57	46
33	57	46
33	57	46
33	57	46
32	56	46
32	56	46
32	56	46
32	56	46
32	56	46
32	56	46
32	56	46
32	56	46
32	56	46
32	56	46
32	56	46
32	56	46
32	56	46
32	56	46
32	56	46
32	56	46
32	56	46
32	56	46
32	56	46
32	56	46
32	56	46
32	56	46
32	56	46
32	56	46
32	56	46
32	56	46
32	56	46
32	56	46
32	56	46
32	56	46
32	56	46
32	56	46
32	56	47
32	56	47
32	56	47
32	56	47
32	56	47
32	56	47
32	56	47
32	56	47
32	56	47
32	55	46
32	55	46
32	55	46
32	55	46
32	55	46
32	55	46
32	55	46
32	56	46
32	56	46
32	56	46
32	56	46
32	56	46
32	56	46
32	56	46
32	56	46
32	55	46
32	55	46
32	55	46
32	55	46
32	55	46
32	55	46
32	55	46
32	55	46
32	56	46
32	56	46
32	56	46
32	55	46
32	55	46
31	55	46
31	55	46
31	55	46
31	55	45
31	55	45
31	55	45
31	55	45
31	55	45
31	55	45
31	55	45
31	55	45
31	55	45
31	55	45
31	55	45
31	55	45
31	55	45
31	55	45
31	55	45
31	54	45
30	55	45
34	58	48
34	58	48
34	58	48
34	58	48
34	58	48
34	58	48
34	58	48
34	58	48
34	58	48
34	58	48
33	57	48
33	57	48
33	57	48
34	58	48
34	58	48
33	57	47
33	57	46
33	57	47
33	57	46
33	57	46
33	57	46
33	57	46
33	57	46
32	56	46
32	56	46
32	56	46
32	56	46
32	56	46
32	56	46
32	56	46
32	56	46
32	56	46
32	56	46
32	56	46
32	56	46
32	56	46
32	56	46
32	56	46
32	56	46
32	56	46
32	56	46
32	56	46
32	56	46
32	56	46
32	56	46
32	56	46
32	56	46
32	56	46
32	56	46
32	56	46
32	56	46
32	56	46
32	56	46
32	56	46
32	56	46
32	56	47
32	56	47
32	56	47
32	56	47
32	56	47
32	56	47
32	56	47
32	55	46
32	55	46
32	55	46
32	55	46
32	55	46
32	55	46
32	55	46
32	55	46
32	55	46
32	56	46
32	56	46
32	56	46
32	56	46
32	56	46
32	56	46
32	56	46
32	56	46
32	55	46
32	55	46
32	55	46
32	55	46
32	55	46
32	55	46
32	55	46
32	55	46
32	56	46
32	56	46
32	56	46
32	55	46
32	55	46
31	55	46
31	55	46
31	55	46
31	55	45
31	54	45
31	55	45
31	54	45
31	55	45
31	54	45
31	55	45
31	54	45
31	55	45
31	54	45
31	55	45
31	54	45
31	55	45
31	54	45
31	55	45
31	54	45
30	54	44
34	58	48
34	58	48
34	58	48
34	58	48
34	57	48
34	58	48
34	57	47
34	58	48
34	57	47
34	58	47
33	57	48
34	58	47
33	57	47
33	58	48
33	57	47
32	57	47
32	56	46
32	57	47
32	56	46
32	56	46
32	56	46
32	56	46
32	56	46
32	56	47
32	56	47
32	56	47
32	56	47
32	56	47
32	56	47
32	56	47
32	56	47
32	56	46
32	56	46
32	56	46
32	56	46
32	56	46
32	56	46
32	56	46
32	56	46
32	56	45
32	56	45
32	56	45
32	56	45
32	56	45
31	55	45
32	56	45
32	56	45
31	55	46
32	55	46
32	56	45
32	56	46
32	56	46
32	55	46
32	56	45
31	55	46
32	56	45
32	55	46
32	56	45
32	55	46
32	56	45
32	55	46
32	56	45
32	56	45
32	56	45
31	55	45
31	55	45
31	55	45
31	55	45
31	55	45
31	55	45
31	55	45
31	55	45
31	55	45
31	55	45
31	55	45
31	55	45
31	55	45
31	55	45
31	55	45
32	56	45
32	56	45
32	56	45
32	56	45
32	56	45
32	56	45
32	56	45
32	56	45
32	56	46
32	56	46
32	56	46
32	56	45
32	56	45
31	55	46
31	55	46
31	55	45
30	55	44
30	54	44
30	55	44
30	54	44
30	55	44
30	54	44
30	55	44
30	54	44
30	55	44
30	54	44
30	55	44
30	54	44
30	55	44
30	54	44
30	55	44
30	54	44
30	54	44
34	58	48
34	58	48
34	58	48
34	58	48
34	58	48
34	57	47
34	57	47
34	58	47
34	58	47
34	58	47
33	57	48
33	57	47
33	57	46
33	57	46
33	57	46
32	57	47
32	56	46
32	56	46
32	56	46
32	56	46
32	56	46
32	56	46
32	56	46
32	56	47
32	56	47
32	56	47
32	56	47
32	56	47
32	56	47
32	56	47
32	56	47
32	56	46
32	56	46
32	56	46
32	56	46
32	56	46
32	56	46
32	56	46
32	56	46
32	56	45
32	56	45
32	56	45
32	56	45
31	55	45
31	55	45
31	55	45
31	55	45
31	55	46
32	56	45
32	56	45
32	56	46
32	56	46
32	56	45
32	56	45
31	55	46
32	56	45
32	56	45
32	56	45
32	56	45
32	56	45
32	56	45
32	56	45
32	56	45
31	55	45
31	55	45
31	55	45
31	55	45
31	55	45
31	55	45
31	55	45
31	55	45
31	55	45
31	55	45
31	55	45
31	55	45
31	55	45
31	55	45
31	55	45
31	55	45
32	56	45
32	56	45
32	56	45
32	56	45
32	56	45
32	56	45
32	56	45
32	56	45
32	56	46
32	56	46
32	56	45
32	56	45
32	56	45
31	55	46
31	55	46
31	55	45
30	55	44
30	54	44
30	54	44
30	54	44
30	54	44
30	54	44
30	54	44
30	54	44
30	54	44
30	54	44
30	54	44
30	54	44
30	54	44
30	54	44
30	54	44
30	54	44
30	53	44
34	58	48
34	58	48
34	58	48
34	58	48
34	58	48
34	58	48
34	57	47
34	57	47
34	57	47
34	58	47
33	57	48
33	57	48
33	57	47
33	57	46
33	57	46
32	57	47
32	56	46
32	56	46
32	56	46
32	56	46
32	56	46
32	56	46
32	56	46
32	56	47
32	56	47
32	56	47
32	56	47
32	56	47
32	56	47
32	56	47
32	56	47
32	56	46
32	56	46
32	56	46
32	56	46
32	56	46
32	56	46
32	56	46
32	56	46
32	56	45
32	56	45
32	56	45
32	56	45
31	55	45
31	55	45
31	55	45
31	55	45
31	55	46
32	56	45
32	56	45
32	56	46
32	56	46
32	56	45
32	56	45
31	55	46
32	56	45
32	56	45
32	56	45
32	56	45
32	56	45
32	56	45
32	56	45
32	56	45
31	55	45
31	55	45
31	55	45
31	55	45
31	55	45
31	55	45
31	55	45
31	55	45
31	55	45
31	55	45
31	55	45
31	55	45
31	55	45
31	55	45
31	55	45
31	55	45
32	56	45
32	56	45
32	56	45
32	56	45
32	56	45
32	56	45
32	56	45
32	56	45
32	56	46
32	56	45
32	56	45
32	56	45
31	55	46
31	55	46
31	55	46
31	55	45
30	55	44
30	54	44
30	54	44
30	54	44
30	54	44
30	54	44
30	54	44
30	54	44
30	54	44
30	54	44
30	54	44
30	54	44
30	54	44
30	54	44
30	54	44
30	54	44
30	53	44
34	58	48
34	58	48
34	58	48
34	58	48
34	58	48
34	58	48
34	58	48
34	57	47
34	57	47
34	58	47
33	57	48
33	57	48
33	57	47
33	57	46
33	57	46
32	57	47
32	56	46
32	56	46
32	56	46
32	56	46
32	56	46
32	56	46
32	56	46
32	56	47
32	56	47
32	56	47
32	56	47
32	56	47
32	56	47
32	56	47
32	56	47
32	56	46
32	56	46
32	56	46
32	56	46
32	56	46
32	56	46
32	56	46
32	56	46
32	56	45
32	56	45
32	56	45
32	56	45
31	55	45
31	55	45
31	55	45
31	55	45
31	55	46
32	56	45
32	56	45
32	56	46
32	56	46
32	56	45
32	56	45
31	55	46
32	56	45
32	56	45
32	56	45
32	56	45
32	56	45
32	56	45
32	56	45
32	56	45
31	55	45
31	55	45
31	55	45
31	55	45
31	55	45
31	55	45
31	55	45
31	55	45
31	55	45
31	55	45
31	55	45
31	55	45
31	55	45
31	55	45
31	55	45
31	55	45
31	55	46
31	55	46
31	55	46
31	55	46
31	55	46
31	55	46
31	55	46
31	55	46
32	56	45
32	56	45
32	56	45
31	55	46
31	55	46
31	55	46
31	55	45
31	55	45
30	55	44
30	54	44
30	54	44
30	54	44
30	54	44
30	54	44
30	54	44
30	54	44
30	54	44
30	54	44
30	54	44
30	54	44
30	54	44
30	54	44
30	54	44
30	54	44
30	53	44
34	58	48
34	58	48
34	58	49
34	58	48
34	58	48
34	58	48
34	58	48
34	57	47
34	57	47
34	58	47
33	57	48
33	57	48
33	57	47
33	57	47
33	57	46
32	57	47
32	56	46
32	56	46
32	56	46
32	56	46
32	56	46
32	56	46
32	56	46
32	56	47
32	56	47
32	56	47
32	56	47
32	56	47
32	56	47
32	56	47
32	56	47
32	56	46
32	56	46
32	56	46
32	56	46
32	56	46
32	56	46
32	56	46
32	56	46
32	56	45
32	56	45
32	56	45
32	56	45
31	55	45
31	55	45
31	55	45
31	55	45
31	55	46
32	56	45
32	56	45
32	56	46
32	56	46
32	56	45
32	56	45
31	55	46
32	56	45
32	56	45
32	56	45
32	56	45
32	56	45
32	56	45
32	56	45
32	56	45
31	55	45
31	55	45
31	55	45
31	55	45
31	55	45
31	55	45
31	55	45
31	55	45
31	55	45
31	55	45
31	55	45
31	55	45
31	55	45
31	55	45
31	55	45
31	55	45
31	55	45
31	55	45
31	55	45
31	55	45
31	55	45
31	55	45
31	55	45
31	55	45
31	55	45
31	55	45
31	55	45
31	55	45
31	55	45
31	55	45
31	55	45
31	55	45
30	55	44
30	54	44
30	54	44
30	54	44
30	54	44
30	54	44
30	54	44
30	54	44
30	54	44
30	54	44
30	54	44
30	54	44
30	54	44
30	54	44
30	54	44
30	54	44
30	53	44
34	58	48
34	58	48
34	58	48
34	58	48
34	58	48
34	58	48
34	58	48
34	57	47
34	57	47
34	58	47
33	57	48
33	57	48
33	57	47
33	57	47
33	57	46
32	56	46
32	56	46
32	56	46
32	56	46
32	56	46
32	56	46
32	56	46
32	56	46
32	56	47
32	56	47
32	56	47
32	56	47
32	56	47
32	56	47
32	56	47
32	56	47
32	56	46
32	56	46
32	56	46
32	56	46
32	56	46
32	56	46
32	56	46
32	56	46
32	56	45
32	56	45
32	56	45
32	56	45
31	55	45
31	55	45
31	55	45
31	55	45
31	55	46
32	56	45
32	56	45
32	56	46
32	56	46
32	56	45
32	56	45
31	55	46
32	56	45
32	56	45
32	56	45
32	56	45
32	56	45
32	56	45
32	56	45
32	56	45
31	55	45
31	55	45
31	55	45
31	55	45
31	55	45
31	55	45
31	55	45
31	55	45
31	55	45
31	55	45
31	55	45
31	55	45
31	55	45
31	55	45
31	55	45
31	55	45
31	55	45
31	55	45
31	55	45
31	55	45
31	55	45
31	55	45
31	55	45
31	55	45
31	55	45
31	55	45
31	55	45
31	55	45
31	55	45
31	55	45
31	55	45
30	54	45
30	55	44
30	54	44
30	54	44
30	54	44
30	54	44
30	54	44
30	54	44
30	54	44
30	54	44
30	54	44
30	54	44
30	54	44
30	54	44
30	54	44
30	54	44
30	54	44
30	53	44
34	57	48
34	57	48
34	57	48
34	57	48
34	57	48
34	57	48
34	57	48
33	57	47
33	57	47
33	57	47
33	57	48
33	57	48
33	57	47
33	57	46
33	57	46
32	56	46
32	56	46
32	56	46
32	56	46
32	56	46
32	56	46
32	56	46
32	56	46
32	56	47
32	56	47
32	56	47
32	56	47
32	56	47
32	56	47
32	56	47
32	56	47
32	56	46
32	56	46
32	56	46
32	56	46
32	56	46
32	56	46
32	56	46
32	56	46
32	56	45
32	56	45
32	56	45
32	56	45
31	55	45
31	55	45
31	55	45
31	55	45
31	55	46
32	56	45
32	56	45
32	56	46
32	56	46
32	56	45
32	56	45
31	55	46
32	56	45
32	56	45
32	56	45
32	56	45
32	56	45
32	56	45
32	56	45
32	56	45
31	55	45
31	55	45
31	55	45
31	55	45
31	55	45
31	55	45
31	55	45
31	55	45
31	55	45
31	55	45
31	55	45
31	55	45
31	55	45
31	55	45
31	55	45
31	55	45
31	55	45
31	55	45
31	55	45
31	55	45
31	55	45
31	55	45
31	55	45
31	55	45
31	55	45
31	55	45
31	55	45
31	55	45
31	55	45
31	55	45
30	55	45
30	54	45
30	55	44
30	54	44
30	54	44
30	54	44
30	54	44
30	54	44
30	54	44
30	54	44
30	54	44
30	54	44
30	54	44
30	54	44
30	54	44
30	54	44
30	54	44
30	54	44
30	54	43
34	57	48
34	57	48
34	57	48
34	57	48
34	57	48
34	57	48
34	57	48
33	57	47
33	57	47
33	57	47
33	57	48
33	57	48
33	57	47
33	57	46
33	57	46
32	56	46
32	56	46
32	56	46
32	56	46
32	56	46
32	56	46
32	56	46
32	56	46
32	56	47
32	56	47
32	56	47
32	56	47
32	56	47
32	56	47
32	56	47
32	56	47
32	56	46
32	56	46
32	56	46
32	56	46
32	56	46
32	56	46
32	56	46
32	56	46
32	56	45
32	56	45
32	56	45
32	56	45
31	55	45
31	55	45
31	55	45
31	55	45
31	55	46
32	56	45
32	56	45
32	56	46
32	56	46
32	56	45
32	56	45
31	55	46
32	56	45
32	56	45
32	56	45
32	56	45
32	56	45
32	56	45
32	56	45
32	56	45
31	55	45
31	55	45
31	55	45
31	55	45
31	55	45
31	55	45
31	55	45
31	55	45
31	55	45
31	55	45
31	55	45
31	55	45
31	55	45
31	55	45
31	55	45
31	55	45
31	55	45
31	55	45
31	55	45
31	55	45
31	55	45
31	55	45
31	55	45
31	55	45
31	55	45
31	55	45
31	55	45
31	55	45
31	55	45
30	55	45
30	55	45
30	54	45
30	54	44
30	54	44
30	54	44
30	54	44
30	54	44
30	54	44
30	54	44
30	54	44
30	54	44
30	54	44
30	54	44
30	54	44
30	54	44
30	54	44
30	54	44
30	54	44
30	54	43
34	57	49
34	57	49
34	57	49
34	57	48
34	57	48
34	57	48
34	57	48
34	57	47
34	57	48
34	57	47
33	57	47
33	57	48
33	57	47
33	57	47
33	57	48
33	57	46
33	56	47
32	57	46
32	56	46
32	56	46
32	56	46
32	57	46
32	57	46
32	56	47
32	56	47
32	56	47
32	56	47
32	56	47
32	56	47
32	56	47
32	56	47
32	56	46
32	56	46
32	56	46
32	56	46
32	56	46
32	56	46
32	56	46
32	56	46
32	56	45
32	56	45
32	56	45
32	56	45
31	55	45
31	55	45
31	55	45
31	55	45
32	56	45
32	56	45
32	56	45
32	56	45
32	56	45
32	56	45
32	56	45
32	56	45
32	56	46
32	56	46
32	56	46
32	56	45
32	56	45
31	55	46
31	55	46
31	55	46
31	55	45
31	55	45
31	55	45
31	55	45
31	55	45
31	55	45
31	55	45
31	55	45
31	55	45
31	55	45
31	55	45
31	55	45
31	55	45
31	55	45
31	55	45
31	55	45
31	54	45
31	54	45
31	54	45
31	54	45
31	54	45
31	54	45
31	54	45
31	54	45
31	54	45
31	54	45
31	54	45
31	54	45
31	54	45
31	54	45
31	54	45
31	54	45
30	54	44
30	54	44
30	54	44
30	54	43
30	54	43
30	54	44
30	54	44
30	54	44
30	54	44
30	54	44
30	54	44
30	54	44
30	54	44
30	54	44
30	54	44
30	54	44
28	52	41
34	57	49
34	57	49
34	57	49
34	57	48
34	57	48
34	57	48
34	57	48
34	57	47
34	57	48
34	57	47
33	57	47
33	57	48
33	57	48
33	57	48
33	57	48
33	56	47
33	56	47
32	57	46
32	56	46
32	56	46
32	56	46
32	56	46
32	56	46
32	56	47
32	56	47
32	56	47
32	56	47
32	56	47
32	56	47
32	56	47
32	56	47
32	56	46
32	56	46
32	56	46
32	56	46
32	56	46
32	56	46
32	56	46
32	56	46
32	56	45
32	56	45
32	56	45
32	56	45
31	55	45
31	55	45
31	55	45
31	55	45
32	56	45
32	56	45
32	56	45
32	56	45
32	56	45
32	56	45
32	56	45
32	56	45
32	56	46
32	56	46
32	56	46
32	56	45
32	56	45
31	55	46
31	55	46
31	55	46
31	55	45
31	55	45
31	55	45
31	55	45
31	55	45
31	55	45
31	55	45
31	55	45
31	55	45
31	55	45
31	55	45
31	55	45
31	55	45
31	55	45
31	55	45
31	55	45
31	54	45
31	54	45
31	54	45
31	54	45
31	54	45
31	54	45
31	54	45
31	54	45
30	55	45
30	55	45
30	55	45
30	55	45
30	55	45
30	55	45
30	55	45
30	55	45
30	54	44
30	54	44
30	54	44
30	54	44
30	54	44
30	54	44
30	54	44
30	54	44
30	54	44
30	54	44
30	54	44
30	54	44
30	54	44
30	54	44
30	54	44
30	54	43
30	54	43
34	57	49
34	57	48
34	57	48
34	57	48
34	57	48
34	57	48
34	57	48
34	57	48
34	57	48
34	57	47
33	56	48
33	56	48
33	56	47
33	56	47
33	57	47
33	56	47
32	57	46
32	56	46
32	56	47
32	56	47
32	56	47
32	56	47
32	56	46
32	56	47
32	56	47
32	56	47
32	56	47
32	56	47
32	56	47
32	56	47
32	56	47
32	56	46
32	56	46
32	56	46
32	56	46
32	56	46
32	56	46
32	56	46
32	56	46
32	56	45
32	56	45
32	56	45
32	56	45
31	55	45
31	55	45
31	55	45
31	55	45
32	56	45
32	56	45
32	56	45
32	56	45
32	56	45
32	56	45
32	56	45
32	56	45
32	56	46
32	56	46
32	56	46
32	56	45
32	56	45
31	55	46
31	55	46
31	55	46
31	55	45
31	55	45
31	55	45
31	55	45
31	55	45
31	55	45
31	55	45
31	55	45
31	55	45
31	55	45
31	55	45
31	55	45
31	55	45
31	55	45
31	55	45
31	55	45
31	54	45
31	54	45
31	54	45
31	54	45
31	54	45
31	54	45
31	54	45
31	54	45
30	54	45
30	54	45
30	54	45
30	54	45
30	54	45
30	54	45
30	54	45
30	54	45
30	54	44
30	54	44
30	54	44
30	54	44
30	54	44
30	54	44
30	54	44
30	54	44
30	54	44
30	54	44
30	54	44
30	54	44
30	54	44
30	54	44
30	54	44
30	54	43
31	54	43
35	57	49
35	57	48
35	57	48
35	57	48
35	57	48
35	57	48
35	57	48
34	57	48
34	57	48
34	57	47
33	56	47
33	56	48
33	56	48
33	56	48
33	56	48
33	56	47
32	57	46
32	56	46
32	56	47
32	56	47
32	56	47
32	56	47
32	56	47
32	56	47
32	56	47
32	56	47
32	56	47
32	56	47
32	56	47
32	56	47
32	56	47
32	56	46
32	56	46
32	56	46
32	56	46
32	56	46
32	56	46
32	56	46
32	56	46
32	56	45
32	56	45
32	56	45
32	56	45
31	55	45
31	55	45
31	55	45
31	55	45
32	56	45
32	56	45
32	56	45
32	56	45
32	56	45
32	56	45
32	56	45
32	56	45
32	56	46
32	56	46
32	56	46
32	56	45
32	56	45
31	55	46
31	55	46
31	55	46
31	55	45
31	55	45
31	55	45
31	55	45
31	55	45
31	55	45
31	55	45
31	55	45
31	55	45
31	55	45
31	55	45
31	55	45
31	55	45
31	55	45
31	55	45
31	55	45
31	54	45
31	54	45
31	54	45
31	54	45
31	54	45
31	54	45
31	54	45
31	54	45
30	55	45
30	55	45
30	55	45
30	55	45
30	55	45
30	55	45
30	55	45
30	55	45
30	54	44
30	54	44
30	54	44
30	54	44
30	54	44
30	54	44
30	54	44
30	54	44
30	54	44
30	54	44
30	54	44
31	54	44
31	54	44
30	54	44
30	54	44
30	54	43
30	54	43
35	57	49
35	57	49
35	57	49
35	57	48
35	57	48
35	57	48
35	57	48
34	57	48
34	57	48
34	57	48
34	57	48
33	56	47
33	56	47
33	56	47
33	56	47
33	56	47
32	57	46
32	56	46
32	56	47
32	56	47
32	56	47
32	56	46
32	56	46
32	56	47
32	56	47
32	56	47
32	56	47
32	56	47
32	56	47
32	56	47
32	56	47
32	56	46
32	56	46
32	56	46
32	56	46
32	56	46
32	56	46
32	56	46
32	56	46
32	56	45
32	56	45
32	56	45
32	56	45
31	55	45
31	55	45
31	55	45
31	55	45
32	56	45
32	56	45
32	56	45
32	56	45
32	56	45
32	56	45
32	56	45
32	56	45
32	56	46
32	56	46
32	56	46
32	56	45
32	56	45
31	55	46
31	55	46
31	55	46
31	55	45
31	55	45
31	55	45
31	55	45
31	55	45
31	55	45
31	55	45
31	55	45
31	55	45
31	55	45
31	55	45
31	55	45
31	55	45
31	55	45
31	55	45
31	55	45
31	54	45
30	54	45
30	54	45
30	54	45
30	54	45
30	54	45
30	54	45
30	54	45
31	54	45
31	54	45
31	54	45
31	54	45
31	54	45
31	54	45
31	54	45
31	54	45
30	54	44
30	54	44
30	54	44
30	54	44
30	54	44
30	54	44
30	54	44
30	54	44
30	54	44
30	54	44
31	54	44
31	54	44
31	54	44
31	54	44
30	54	44
30	54	43
30	53	43
35	57	49
35	57	49
35	57	49
35	57	48
35	57	48
35	57	48
35	57	48
35	57	48
34	57	48
34	57	48
34	57	48
34	57	47
34	57	47
34	57	47
34	57	47
33	57	46
33	56	47
32	57	46
32	57	46
32	56	46
32	56	46
32	57	46
32	57	46
32	56	47
32	56	47
32	56	47
32	56	47
32	56	47
32	56	47
32	56	47
32	56	47
32	56	46
32	56	46
32	56	46
32	56	46
32	56	46
32	56	46
32	56	46
32	56	46
32	56	45
32	56	45
32	56	45
32	56	45
31	55	45
31	55	45
31	55	45
31	55	45
32	56	45
32	56	45
32	56	45
32	56	45
32	56	45
32	56	45
32	56	45
32	56	45
32	56	46
32	56	46
32	56	46
32	56	45
32	56	45
31	55	46
31	55	46
31	55	46
31	55	45
31	55	45
31	55	45
31	55	45
31	55	45
31	55	45
31	55	45
31	55	45
31	55	45
31	55	45
31	55	45
31	55	45
31	55	45
31	55	45
31	55	45
30	55	45
31	54	45
30	54	45
30	54	45
30	54	45
30	54	45
30	54	45
30	54	45
30	54	45
31	54	44
31	54	44
31	54	44
31	54	44
31	54	44
31	54	44
31	54	44
31	54	44
30	54	44
30	54	44
30	54	44
31	54	44
31	54	44
30	54	44
30	54	44
30	54	44
30	54	44
30	54	44
31	54	44
31	54	44
31	54	44
31	54	44
30	54	44
30	54	44
31	54	42
35	57	49
35	57	49
35	57	49
35	57	49
35	57	49
35	57	48
35	57	48
34	57	47
34	57	48
34	57	47
34	56	47
34	56	46
33	56	47
33	56	47
33	56	47
33	57	47
33	57	47
33	57	46
33	56	47
32	57	46
32	57	46
33	56	47
33	56	47
32	56	47
32	56	47
32	56	47
32	56	47
32	56	47
32	56	47
32	56	47
32	56	47
32	56	46
32	56	46
32	56	46
32	56	46
32	56	46
32	56	46
32	56	46
32	56	46
32	56	45
32	56	45
32	56	45
32	56	45
31	55	45
31	55	45
31	55	45
31	55	45
32	56	45
32	56	45
32	56	45
32	56	45
32	56	45
32	56	45
32	56	45
32	56	45
32	56	46
32	56	46
32	56	46
32	56	45
32	56	45
31	55	46
31	55	46
31	55	46
31	55	45
31	55	45
31	55	45
31	55	45
31	55	45
31	55	45
31	55	45
31	55	45
31	55	45
31	55	45
31	55	45
31	55	45
31	55	45
31	55	45
31	55	45
30	55	45
31	54	45
30	54	45
30	54	45
30	54	45
30	54	45
30	54	45
30	54	45
30	54	45
31	54	45
31	54	45
31	54	45
31	54	45
31	54	45
31	54	45
31	54	45
31	54	45
30	54	44
30	54	44
31	54	44
31	54	44
31	54	44
31	54	44
30	54	44
30	54	44
30	54	44
31	54	44
31	54	44
31	54	44
31	54	44
31	54	44
31	54	44
30	54	44
31	54	42
35	57	49
35	57	49
35	57	49
35	57	49
35	57	49
35	57	48
35	57	48
34	57	47
34	57	48
34	57	47
34	56	47
34	56	47
34	56	47
34	56	46
34	56	46
33	56	47
33	56	47
33	57	46
33	56	46
33	56	47
33	56	47
33	57	46
33	57	47
32	56	47
32	56	47
32	56	47
32	56	47
32	56	47
32	56	47
32	56	47
32	56	47
32	57	47
32	57	47
32	56	46
32	57	47
32	56	46
32	57	47
32	56	46
32	56	46
32	56	45
32	55	46
32	56	45
32	55	46
32	56	45
31	55	46
32	56	45
32	55	46
32	56	45
32	55	46
32	56	45
32	56	45
32	56	45
32	56	45
32	56	45
32	56	45
32	56	46
32	56	46
32	56	46
32	56	45
32	56	45
31	55	46
31	55	46
31	55	45
31	55	45
31	55	45
31	55	45
31	55	45
31	55	45
31	55	45
31	55	45
31	55	45
31	55	45
31	55	45
31	55	45
31	55	45
31	55	45
31	55	45
31	55	45
30	55	45
31	54	45
30	54	45
31	54	45
30	54	45
30	54	45
30	54	45
30	54	45
30	54	45
30	54	45
30	54	45
30	54	44
30	54	44
30	54	44
30	54	44
30	54	44
30	54	44
30	54	43
30	54	43
30	54	44
31	54	44
31	54	44
30	54	44
30	54	43
30	54	43
30	54	44
30	54	44
30	54	44
31	54	44
31	54	44
30	54	44
30	54	44
30	54	44
30	53	43
38	57	48
43	58	46
46	58	44
43	58	46
38	57	47
35	57	48
36	57	47
34	56	48
35	56	48
35	56	48
34	56	47
34	56	48
33	56	48
33	56	47
32	55	46
32	55	46
32	55	46
32	56	47
32	55	46
32	56	47
32	56	47
32	56	47
32	56	47
32	55	46
31	55	45
32	56	46
32	56	46
32	56	46
32	56	47
32	56	47
32	56	47
33	56	47
33	56	47
32	57	46
32	56	47
32	57	46
32	56	46
32	56	46
32	56	46
32	56	46
32	56	46
32	56	46
32	56	46
32	56	46
32	56	46
32	56	46
32	56	46
33	56	47
33	56	47
32	56	46
32	56	47
32	56	47
32	56	46
32	56	46
32	56	46
32	56	46
32	56	46
31	55	45
31	55	45
31	55	44
31	55	44
31	55	44
31	55	45
31	55	45
31	54	45
31	54	45
31	55	45
31	55	45
32	55	46
32	55	46
32	55	46
32	55	46
32	55	46
31	55	45
31	54	45
31	54	45
31	54	45
31	54	45
31	55	45
31	55	45
31	55	45
31	55	45
31	55	45
31	55	45
31	55	45
31	55	44
31	55	44
30	54	44
30	54	44
30	54	44
30	54	43
30	54	43
30	54	43
30	54	43
30	54	43
29	53	43
30	53	43
30	53	43
30	53	43
30	53	43
30	53	43
30	53	43
29	53	43
29	52	43
28	52	42
29	52	43
30	53	43
31	54	43
31	53	43
31	54	43
32	54	42
33	54	41
35	56	49
37	57	48
38	57	48
36	57	48
34	56	49
34	56	48
35	57	48
34	56	49
34	56	48
34	56	47
34	56	47
34	56	48
34	56	48
33	56	48
33	56	47
33	56	46
33	56	46
33	56	46
33	56	46
33	56	46
33	56	46
33	56	47
33	56	47
34	56	46
33	56	47
33	56	47
34	57	47
34	57	48
34	57	47
34	57	48
34	57	47
33	56	47
33	56	47
33	56	47
32	56	47
32	56	47
32	56	47
32	56	46
32	56	46
32	56	46
32	56	46
32	56	46
32	56	46
32	56	46
32	56	46
32	56	46
32	56	46
33	57	47
33	57	48
32	56	47
32	56	46
32	56	46
32	57	46
32	56	46
33	56	46
32	56	46
32	56	46
32	55	45
31	55	45
31	55	44
31	55	44
31	55	44
31	55	45
31	54	45
31	54	45
31	54	45
31	55	45
31	55	45
31	55	45
32	55	46
32	55	46
32	55	46
32	55	46
32	55	46
31	55	45
31	54	45
31	54	45
31	55	45
31	55	45
31	55	45
31	55	45
31	55	45
31	55	45
31	55	45
31	55	45
31	55	44
31	55	44
31	54	44
31	54	44
31	54	44
30	54	43
30	54	42
30	54	42
30	54	42
30	53	42
30	53	42
30	53	42
30	53	43
31	53	42
31	53	42
30	53	43
30	53	42
30	53	43
30	53	42
29	53	43
30	53	42
31	54	43
31	53	42
30	53	43
30	53	43
31	53	42
32	53	40
35	56	49
35	56	50
35	56	50
34	56	49
34	56	48
34	56	49
36	57	48
34	56	48
34	56	49
34	56	48
34	56	48
34	56	48
34	56	48
34	56	48
34	56	48
33	55	47
33	55	47
33	55	47
33	55	47
33	56	47
33	56	47
33	56	47
33	56	47
33	56	47
33	56	47
33	56	48
33	56	47
34	57	47
34	57	48
34	57	47
34	57	47
33	57	47
33	57	47
33	56	47
33	56	47
33	56	47
32	56	47
32	56	47
32	56	47
32	56	47
32	56	47
32	56	47
32	56	47
32	56	47
32	56	47
32	56	47
32	56	47
33	57	47
33	56	47
32	56	47
32	56	47
32	56	47
32	56	47
32	56	46
33	56	46
32	56	46
32	56	46
32	55	45
32	55	45
31	55	44
31	55	44
31	55	44
31	55	45
31	54	45
31	54	45
31	54	45
31	55	45
31	55	45
31	55	45
32	55	46
32	55	46
32	55	46
32	55	46
32	55	46
32	55	46
31	55	45
31	55	45
32	55	46
32	55	46
32	55	45
32	55	45
32	55	45
32	55	45
32	55	45
32	55	45
31	54	44
31	54	44
31	54	43
31	54	43
31	54	43
30	54	43
30	54	42
30	54	42
30	53	43
30	53	43
30	53	42
30	53	42
31	53	43
31	53	42
31	53	42
31	53	43
30	53	42
30	53	42
32	53	42
31	53	43
31	53	43
32	54	41
32	53	42
31	53	43
30	53	42
31	52	42
31	52	41
36	57	49
36	57	49
37	57	48
37	57	48
36	57	48
36	57	48
36	57	48
34	56	48
34	56	48
34	56	48
34	56	48
34	56	48
34	56	48
34	56	48
34	56	48
33	56	46
33	56	46
33	56	46
33	56	46
33	56	46
33	56	46
34	56	46
34	56	46
32	56	47
32	56	46
32	56	46
32	56	46
33	56	47
33	56	48
33	56	48
32	56	47
33	57	47
33	57	47
33	57	47
33	57	47
33	56	47
33	56	47
33	56	47
33	56	47
33	56	47
33	56	47
33	56	47
33	56	47
33	56	47
33	56	47
33	56	47
33	56	47
33	57	47
33	57	47
33	56	47
33	56	47
33	56	47
33	56	47
33	56	46
33	56	46
32	56	46
32	55	46
32	55	45
32	55	45
31	55	44
31	55	44
31	55	44
32	55	45
31	54	45
31	54	45
31	55	45
31	55	45
31	55	45
32	55	46
32	55	46
32	55	46
32	55	45
32	55	45
32	55	46
32	55	46
32	55	46
32	55	46
32	55	46
32	55	46
32	55	45
32	55	45
32	55	45
32	55	45
32	55	45
31	54	44
31	54	43
31	54	43
31	54	43
31	54	43
31	54	43
31	54	43
31	54	42
30	53	42
30	53	42
30	53	42
31	53	42
31	53	43
31	53	42
32	53	41
32	53	41
31	53	42
31	53	43
31	53	43
32	54	41
32	53	41
32	53	42
32	54	42
32	54	41
32	53	41
31	53	42
31	53	41
31	52	41
35	56	49
35	56	49
36	56	49
36	57	49
36	57	49
35	56	48
34	56	49
35	56	48
35	56	49
34	56	48
34	56	48
34	55	48
33	56	48
33	55	48
33	56	47
33	56	46
33	56	46
33	56	46
33	56	46
33	56	46
33	56	46
33	56	46
33	56	46
33	56	47
33	56	47
32	56	47
33	56	47
34	57	47
34	57	47
34	57	47
33	56	47
33	57	47
33	57	47
33	57	47
33	57	47
33	57	47
33	57	47
33	57	47
33	56	47
33	56	47
33	56	47
33	56	47
33	56	47
33	56	47
33	56	47
33	56	47
33	56	47
33	56	48
33	56	48
33	56	47
33	56	47
33	56	47
33	56	47
33	56	46
33	56	46
32	56	46
32	56	46
32	56	46
32	55	45
32	55	45
32	55	45
32	55	45
32	55	45
31	54	45
31	54	45
31	54	45
31	54	45
31	54	45
31	54	45
31	54	45
32	54	45
32	55	45
32	55	45
32	55	45
32	54	45
32	54	45
32	54	45
32	54	45
32	54	45
32	55	44
32	55	44
32	55	44
32	55	44
32	55	44
32	54	44
32	55	43
32	55	43
31	54	43
31	53	42
31	54	43
31	54	42
32	54	41
32	54	41
32	54	41
32	54	41
31	53	42
31	52	42
31	53	41
31	53	41
31	53	41
31	53	41
31	52	42
31	52	42
32	53	41
31	52	42
31	53	41
32	53	41
32	53	41
32	53	41
32	53	41
32	53	40
31	52	40
36	56	49
35	56	49
34	55	48
34	56	49
35	56	49
35	56	48
34	56	48
36	56	48
35	56	48
35	56	48
34	56	48
34	55	48
33	56	48
33	56	47
33	56	47
33	56	47
33	56	46
33	56	46
33	56	46
33	56	46
33	56	46
34	56	46
34	56	46
34	56	46
33	56	47
33	56	47
33	56	47
34	57	47
34	57	48
34	57	48
34	57	47
34	57	47
34	57	47
34	57	47
33	57	47
33	57	47
33	57	47
33	57	47
33	57	47
33	57	47
33	57	47
33	57	47
33	57	47
33	57	47
33	57	47
33	57	47
33	57	47
33	56	48
33	56	47
34	57	47
34	57	47
33	56	47
33	56	47
33	56	47
33	56	46
32	55	45
32	55	45
32	55	45
32	55	45
32	55	45
32	55	45
32	55	45
32	55	45
31	54	45
31	54	45
32	54	45
32	54	45
32	54	45
32	55	45
32	55	45
32	55	45
33	55	44
32	55	45
32	55	45
32	55	45
32	55	45
32	55	45
32	55	45
32	55	45
32	55	44
32	54	44
32	55	44
32	54	44
32	54	44
32	54	44
32	54	43
32	54	42
31	54	43
31	54	42
32	54	41
32	54	42
32	54	40
32	54	40
33	54	40
33	54	41
31	52	41
31	53	41
31	53	41
31	53	41
31	53	41
31	53	41
31	53	41
31	53	41
32	53	41
31	53	41
32	53	41
33	53	41
33	53	40
33	53	41
33	53	41
33	53	40
32	52	39
37	56	49
36	56	50
34	56	48
34	55	48
35	56	49
35	56	49
35	56	49
35	56	48
35	56	48
34	56	48
34	56	49
34	55	48
34	55	48
34	55	48
34	56	48
33	55	46
33	55	46
33	55	46
33	55	46
34	55	47
34	55	47
34	56	47
34	56	47
33	56	47
32	55	47
33	56	47
33	56	48
34	56	47
34	56	47
34	56	47
33	56	48
34	56	46
34	56	46
33	56	47
33	56	47
33	56	47
33	56	47
33	56	47
33	56	47
33	56	47
33	56	47
33	56	47
33	56	47
33	56	47
33	56	47
33	56	47
33	56	47
33	56	47
33	56	47
33	56	47
34	56	46
34	56	46
33	56	47
33	56	46
32	55	46
33	56	46
33	56	46
32	55	45
32	55	45
32	55	44
32	54	45
32	54	45
32	54	45
32	55	45
32	55	45
32	55	45
32	55	45
32	55	45
32	55	45
32	55	45
32	55	45
33	55	45
33	55	44
32	55	45
32	55	45
32	55	45
32	55	45
32	55	45
32	55	45
32	54	44
32	54	43
32	54	44
32	54	43
32	54	43
32	54	43
32	54	42
32	54	42
32	54	41
32	54	41
32	54	41
32	54	41
32	54	40
32	53	39
33	54	40
33	54	40
32	53	40
32	52	40
32	52	40
32	52	40
32	52	40
32	52	40
32	52	40
32	53	41
32	53	40
32	52	40
32	53	40
34	53	40
34	53	40
33	53	40
33	53	40
34	52	39
32	52	39
37	56	49
37	57	49
36	56	49
34	56	49
35	56	49
34	56	49
33	56	48
35	56	49
34	56	48
34	56	48
34	55	48
34	55	48
34	56	49
34	56	48
34	56	48
34	55	47
34	55	46
34	55	46
34	55	46
34	56	47
34	56	47
34	57	47
34	57	47
34	56	47
33	56	47
33	56	47
34	56	47
34	57	47
34	57	48
34	57	47
34	56	47
34	56	46
34	56	46
34	56	46
33	56	47
33	56	47
33	56	47
33	56	47
33	56	47
33	56	47
33	56	47
33	56	47
33	56	47
33	56	47
33	56	47
33	56	47
33	56	47
33	56	47
33	56	47
34	56	46
34	56	47
34	56	47
33	56	46
33	56	46
33	56	46
33	56	46
32	55	46
32	56	45
32	55	45
32	55	44
32	55	44
32	54	45
32	54	45
32	55	45
32	55	45
32	55	45
32	55	45
32	55	45
33	55	44
33	55	44
33	55	44
33	55	45
33	55	44
32	55	45
32	55	45
32	55	45
32	55	45
32	55	45
32	54	44
32	54	43
32	54	43
32	54	43
32	54	43
32	54	43
32	54	43
32	54	42
32	53	41
33	54	41
33	54	41
33	54	41
32	53	40
33	54	39
33	54	39
33	54	39
32	53	40
32	53	40
32	53	40
32	53	40
32	53	41
32	53	41
32	53	40
32	53	40
32	53	40
33	53	40
33	53	40
33	53	40
34	54	40
34	54	40
34	53	40
34	53	40
34	53	39
33	52	39
36	55	50
35	55	49
35	55	49
35	55	49
35	55	49
34	55	49
34	55	49
34	55	49
34	55	48
34	55	48
33	55	48
33	55	48
34	55	47
35	56	48
36	56	47
34	55	47
34	55	47
34	55	47
34	55	47
34	55	47
34	55	47
34	55	47
34	55	47
33	55	48
33	55	48
34	56	48
34	56	48
34	57	48
34	57	48
34	57	48
34	57	48
34	56	47
34	56	47
34	56	47
33	56	47
33	56	47
33	56	47
33	56	47
33	56	47
33	56	47
33	56	47
32	55	47
32	55	47
32	55	47
33	56	47
33	56	47
33	56	47
34	57	48
34	56	47
33	56	47
33	56	48
34	56	46
34	56	46
34	56	46
33	55	47
33	56	46
33	55	46
32	55	46
32	55	46
32	55	45
32	55	45
32	55	45
32	55	45
32	54	45
32	54	45
31	54	45
31	54	45
32	54	45
32	54	45
32	54	44
32	55	44
32	54	44
33	55	44
33	55	44
32	54	45
32	54	45
33	55	44
33	55	44
32	54	44
32	54	43
32	53	42
31	53	43
31	53	42
32	54	42
32	54	42
32	54	41
32	53	41
33	54	41
32	53	40
33	54	40
33	53	40
33	53	39
32	53	39
32	53	39
32	52	39
32	52	39
32	52	40
32	52	40
32	52	40
32	52	40
32	52	39
33	52	40
33	52	40
33	52	40
33	52	40
33	52	40
33	52	39
34	53	39
34	52	39
34	53	39
34	52	39
33	52	38
36	55	49
36	56	49
36	55	49
35	55	49
35	55	49
35	55	49
35	55	48
34	55	48
34	55	48
34	55	48
34	55	47
34	55	47
34	55	47
34	55	48
34	55	48
34	55	47
33	55	47
33	55	47
33	55	47
33	55	47
33	55	47
33	55	48
33	56	47
34	55	47
34	55	47
34	56	48
34	56	48
34	57	48
34	57	48
34	57	48
34	57	48
34	56	47
34	56	47
34	56	47
33	56	47
33	56	47
33	56	47
33	56	47
33	56	47
34	56	47
33	56	47
33	56	47
33	56	47
33	56	47
33	56	47
33	56	47
33	56	47
34	57	47
34	56	47
33	56	47
34	56	47
34	56	46
34	56	46
33	56	46
33	56	46
34	56	45
33	56	46
33	55	46
32	55	45
32	55	45
32	55	45
32	55	45
32	54	44
32	54	45
32	54	45
32	54	45
32	54	45
32	54	45
32	54	45
32	54	44
32	54	44
33	55	44
33	55	44
33	55	44
32	54	45
32	54	45
33	55	44
33	55	44
32	54	44
32	54	43
32	53	42
32	53	43
32	53	42
32	54	42
33	54	41
33	53	41
32	53	41
33	54	40
33	53	40
33	53	40
32	52	39
33	53	39
32	53	38
32	53	38
32	52	39
32	52	39
32	52	40
32	52	40
32	52	40
32	52	39
33	52	40
33	52	39
34	53	39
33	52	39
33	52	39
33	52	39
33	52	39
34	53	39
34	52	39
34	53	39
34	52	39
34	52	38
36	55	49
36	55	49
36	55	49
36	55	50
35	56	49
35	55	49
35	55	49
34	55	48
34	55	48
34	55	49
35	55	48
35	55	48
34	55	47
34	55	48
33	55	48
33	55	47
33	55	47
33	55	47
32	54	47
33	55	47
33	55	47
32	55	47
32	55	47
34	56	48
34	56	48
34	56	48
34	56	48
34	56	48
34	56	48
34	56	48
34	56	48
34	56	47
34	56	47
34	56	47
33	56	47
33	56	47
33	56	47
34	56	47
34	56	47
34	56	47
34	56	47
34	56	47
33	56	47
33	56	47
33	56	47
33	56	47
33	56	47
33	56	48
34	56	48
34	56	47
34	56	47
33	56	47
33	56	47
33	56	46
34	56	46
34	55	45
34	55	45
33	55	45
33	55	45
33	55	45
33	55	45
33	55	44
33	55	44
32	54	44
32	54	44
32	54	44
32	54	44
32	54	44
32	54	44
32	54	45
31	53	44
33	54	43
34	55	43
33	55	44
32	54	44
32	54	44
33	54	43
33	54	43
32	54	44
32	54	43
32	53	42
32	53	42
32	53	42
33	53	41
34	53	41
33	53	40
33	53	40
33	53	39
33	52	39
33	52	39
33	52	39
33	53	38
33	52	38
33	52	38
33	52	39
33	52	39
32	52	40
32	52	40
33	52	40
33	52	40
34	52	39
34	52	39
34	52	39
34	52	39
34	52	39
34	52	39
34	52	39
34	52	39
34	52	39
34	52	39
34	52	38
34	51	37
