36	55	42
36	56	43
36	55	42
37	55	42
36	55	43
36	55	43
36	55	43
36	55	43
36	55	42
36	55	42
36	55	43
36	55	43
36	55	43
36	55	42
36	55	43
36	55	43
35	55	42
35	55	41
35	55	42
35	55	42
35	55	41
35	55	42
35	55	42
36	55	42
35	55	42
35	55	43
35	55	43
35	55	42
35	55	41
35	55	41
35	55	41
36	55	41
36	55	41
36	55	41
36	55	42
36	55	42
36	55	42
36	55	42
36	55	42
36	55	42
36	56	43
36	56	43
36	57	44
37	56	44
37	56	44
37	56	44
37	56	44
37	56	44
37	57	44
37	57	44
37	58	45
37	58	45
37	58	45
37	58	45
38	58	45
38	58	46
38	57	44
38	57	44
38	58	44
38	58	44
38	58	45
38	58	45
38	57	45
39	58	45
39	58	46
40	59	47
40	59	47
40	60	48
41	59	47
41	58	45
42	59	41
44	58	37
43	58	41
41	59	43
41	60	48
43	61	50
43	61	51
44	61	51
43	60	50
44	60	50
44	59	50
44	60	49
44	60	49
43	60	48
44	60	50
44	60	50
44	61	51
44	61	50
36	55	42
36	56	43
36	55	42
36	55	42
36	55	43
36	55	43
36	55	43
36	55	43
36	55	42
36	55	42
36	55	43
36	55	43
36	55	43
36	55	42
36	55	43
36	55	43
36	55	42
35	55	41
36	55	43
36	55	43
35	55	42
35	55	42
36	55	42
36	55	42
35	55	42
35	55	43
35	55	41
35	55	42
35	55	42
35	55	41
35	55	42
36	56	42
36	55	41
36	55	41
36	55	42
36	55	42
35	55	43
36	55	42
36	55	42
36	55	42
36	56	43
36	56	43
36	57	43
37	57	43
37	57	44
37	57	44
37	57	44
37	57	44
37	57	44
37	57	44
37	58	45
37	58	45
38	58	45
38	58	45
38	57	45
38	57	45
38	58	44
38	58	45
38	58	45
38	58	45
38	58	44
38	58	44
38	57	45
38	58	46
39	58	48
39	59	48
40	60	49
41	59	48
42	59	49
42	58	48
42	58	45
42	58	43
42	58	41
41	59	43
41	60	47
43	61	49
43	61	49
43	60	49
43	59	48
43	59	48
44	59	50
44	60	50
44	61	50
44	61	50
44	61	50
45	61	50
44	61	50
44	61	51
37	56	42
37	56	43
36	55	42
36	55	42
36	55	42
36	55	42
36	55	42
36	55	42
36	55	42
36	55	42
36	55	43
36	55	42
36	55	42
35	55	42
35	55	43
36	55	42
36	54	42
35	54	41
36	55	43
36	55	43
36	54	42
35	54	42
36	55	42
36	55	42
35	55	41
35	55	41
36	55	41
35	55	41
35	55	42
35	55	41
35	55	41
35	55	41
36	55	41
36	55	41
36	55	41
35	55	41
35	55	43
36	55	42
36	55	41
36	56	42
36	56	43
36	56	43
36	57	43
37	56	43
37	57	44
37	57	44
37	57	44
37	57	44
37	57	44
37	57	45
37	58	45
37	58	45
38	58	45
38	58	44
38	57	45
38	58	46
38	58	45
38	58	45
38	59	45
38	59	45
38	58	44
38	58	44
38	58	46
38	58	45
38	59	47
39	59	48
42	60	49
43	60	49
43	59	50
43	59	51
42	59	51
41	60	51
41	59	50
41	59	49
41	59	50
42	60	50
43	60	49
43	60	49
43	60	49
44	60	50
44	60	49
45	61	50
45	61	51
45	62	51
45	62	51
45	62	50
45	61	51
44	61	51
36	55	42
36	55	42
36	55	42
36	55	42
36	55	42
36	55	42
36	55	42
36	55	42
36	55	41
36	55	41
36	55	43
35	55	42
35	55	42
35	55	42
35	54	43
36	54	42
36	54	42
35	54	41
35	54	42
35	54	42
35	54	42
36	54	42
36	55	40
36	55	41
35	54	41
36	55	41
36	55	41
35	54	41
35	55	41
35	54	41
35	55	42
35	55	41
35	55	41
36	55	41
36	55	41
36	55	41
35	55	42
36	55	42
36	55	41
36	55	41
36	56	43
36	56	43
36	57	43
36	57	43
36	57	44
36	57	44
36	57	44
37	56	44
37	56	44
36	57	44
37	57	44
37	57	44
37	58	45
38	58	45
38	57	45
38	58	46
37	58	46
38	58	45
38	59	45
38	59	45
38	58	44
38	58	44
38	58	45
38	59	47
38	59	47
41	59	48
45	60	49
45	59	50
44	59	51
42	59	52
43	59	52
43	59	52
41	59	50
42	59	47
41	58	47
41	58	46
43	60	48
44	61	50
43	61	51
44	62	52
45	61	50
45	61	50
45	61	51
44	61	51
44	60	49
45	60	49
45	61	49
44	61	50
36	55	41
36	55	41
36	55	42
36	55	42
36	55	42
36	55	42
36	55	42
36	55	42
36	55	41
36	55	41
35	55	42
35	55	42
35	54	41
35	55	41
35	54	43
36	54	42
36	54	42
36	55	41
35	54	42
35	54	43
35	54	43
36	54	42
35	54	40
35	54	40
35	54	41
35	54	41
36	55	41
35	54	41
35	55	41
36	55	41
35	55	41
35	55	41
35	55	42
35	55	41
36	55	41
36	55	41
36	55	42
35	55	42
36	55	42
36	55	42
36	56	43
36	56	43
36	57	43
36	57	43
37	56	44
37	56	44
36	57	44
37	56	44
37	56	44
36	57	44
36	57	44
37	57	44
37	57	45
38	57	44
38	57	44
38	58	44
38	58	45
38	58	45
38	58	46
38	58	46
38	58	46
38	59	47
38	59	46
38	59	48
39	59	47
44	59	47
47	58	48
45	58	50
44	59	51
43	59	52
42	59	51
41	58	48
43	56	40
49	54	32
45	54	36
42	55	39
42	58	43
43	60	46
43	60	48
43	60	49
44	61	48
44	60	47
44	61	50
44	60	51
43	59	50
44	60	50
45	60	49
44	61	50
37	55	40
37	55	40
36	54	42
35	54	42
36	55	42
37	55	42
36	55	42
35	55	42
35	55	41
36	55	41
35	54	42
35	55	41
35	54	41
36	55	40
35	54	42
35	54	42
35	54	41
36	55	41
36	55	43
35	54	43
35	55	43
36	55	42
35	54	40
35	54	40
35	55	41
35	54	41
35	54	41
35	54	41
35	55	41
36	55	41
35	55	41
36	55	41
36	56	42
35	55	42
36	56	42
36	55	41
36	55	42
36	55	42
36	56	43
36	56	43
37	56	43
37	56	43
37	57	44
37	57	44
37	57	44
37	57	44
37	57	44
37	57	44
37	57	45
37	57	45
37	57	45
37	57	45
38	58	44
38	58	44
38	58	44
38	58	44
38	58	46
38	58	46
38	57	45
38	58	46
38	58	45
38	59	47
38	59	47
38	59	48
41	59	47
47	59	46
49	57	47
46	57	50
44	58	52
43	59	52
42	57	50
43	54	41
52	49	22
58	48	17
49	50	25
44	55	34
43	58	40
43	59	44
43	59	45
43	60	46
43	60	48
44	61	49
45	61	51
44	60	51
44	61	51
44	61	51
45	61	49
44	61	49
36	55	40
37	55	40
36	55	42
36	55	42
36	55	42
37	55	42
36	55	41
35	55	41
35	55	41
36	55	41
36	54	42
35	55	41
35	55	41
36	55	40
35	54	42
35	54	43
35	55	41
35	54	41
36	55	42
35	55	43
35	55	43
36	55	42
35	54	41
35	54	41
35	55	41
35	55	41
35	55	42
35	55	42
35	55	42
35	55	41
36	56	42
36	55	41
36	56	42
36	56	42
36	56	43
36	56	43
36	56	43
36	56	43
36	57	43
36	57	43
36	57	43
37	56	43
37	57	44
36	57	44
36	57	44
37	57	44
37	57	44
37	57	44
37	57	44
37	57	44
38	58	45
38	58	45
38	58	45
38	58	45
38	58	44
38	58	44
38	57	45
38	57	45
37	56	45
37	57	46
38	58	47
38	59	47
39	60	48
38	60	48
40	58	47
48	57	45
49	56	47
45	57	50
42	58	52
42	57	51
43	54	48
49	49	33
61	41	11
61	42	9
48	50	25
43	56	39
43	60	47
45	62	49
44	61	48
43	61	49
44	62	52
44	62	51
45	62	50
44	61	49
43	61	50
44	62	48
44	62	48
44	62	48
37	55	42
37	55	42
36	55	43
36	55	43
36	55	43
36	55	43
36	55	41
36	55	40
36	56	39
36	55	41
35	55	43
36	55	42
35	55	42
35	55	41
35	55	43
35	55	42
35	55	42
35	55	41
35	54	41
35	54	40
34	53	40
35	55	40
36	55	41
35	55	43
35	55	42
35	55	42
35	55	43
35	55	42
36	56	41
36	56	40
36	55	41
36	55	41
35	55	40
35	55	40
36	55	42
37	55	41
37	55	40
36	55	41
36	55	42
36	56	43
36	57	44
36	57	44
37	57	44
37	57	44
37	57	44
36	57	44
37	57	44
37	57	44
37	57	44
37	57	45
38	58	45
38	58	45
38	58	45
38	58	44
38	58	45
38	58	45
38	58	45
38	58	45
38	58	45
38	58	45
38	59	45
38	59	46
38	59	48
39	60	49
42	60	51
48	60	51
48	58	52
44	57	52
42	57	50
41	55	47
43	53	38
52	49	25
58	45	13
52	48	15
45	54	31
43	59	41
43	60	50
44	61	51
44	61	48
43	60	48
43	61	50
44	61	50
45	60	49
44	60	49
44	61	49
44	61	48
44	61	49
44	61	49
36	55	42
36	55	42
36	55	42
36	55	42
35	55	42
35	55	41
36	54	39
37	54	37
38	54	37
36	54	38
35	54	40
35	54	40
35	54	40
35	55	41
35	55	43
35	55	43
35	54	42
36	55	41
36	55	41
35	54	41
35	54	40
35	54	40
35	55	42
35	55	42
35	55	40
35	55	40
35	55	42
35	55	40
35	55	40
35	55	40
35	55	42
35	55	42
35	55	42
35	55	40
36	55	42
37	55	41
38	55	41
37	56	42
36	55	42
36	56	43
36	57	44
36	57	44
37	57	44
37	57	44
37	57	44
37	57	44
37	57	44
37	57	45
37	57	45
37	57	45
38	58	45
38	58	45
38	58	45
38	58	44
38	58	45
38	58	45
38	58	46
38	58	45
38	58	45
38	58	45
38	59	46
38	60	46
38	59	47
39	60	49
41	60	51
47	60	52
47	59	52
45	58	52
43	57	50
41	57	48
43	55	43
47	53	37
48	49	34
45	52	36
42	55	42
43	59	47
44	60	48
44	61	50
44	60	50
44	61	50
44	60	51
44	61	50
45	61	48
45	61	47
44	61	49
45	62	49
44	61	49
45	61	49
36	54	42
36	55	42
36	55	41
36	55	41
36	55	41
35	54	40
36	54	37
38	54	34
40	53	32
38	52	34
37	53	37
34	53	39
35	54	39
35	55	40
35	55	42
35	55	42
35	54	40
35	54	40
35	54	42
35	54	43
35	55	42
35	55	42
35	55	41
34	55	41
35	55	40
35	55	40
35	55	41
35	55	40
35	55	40
35	55	40
35	55	42
36	56	42
36	56	42
36	56	41
36	55	42
36	55	42
36	55	42
36	56	43
36	56	43
36	57	43
37	57	44
37	57	44
36	57	44
36	57	44
37	58	45
37	57	45
37	57	44
37	57	45
37	57	45
37	57	45
38	58	45
38	58	45
38	58	45
38	58	44
38	58	45
38	58	46
38	58	46
38	58	45
38	58	45
38	58	45
38	59	46
38	60	47
38	59	47
39	60	49
41	60	50
45	61	51
45	60	51
45	59	51
43	59	50
42	59	50
41	57	49
43	57	50
42	56	48
43	57	48
43	58	47
43	59	48
44	60	49
43	60	49
44	60	51
45	60	50
45	61	49
45	61	48
45	60	46
45	61	46
44	62	49
45	63	51
44	61	49
45	61	49
36	55	42
36	55	42
36	55	41
36	55	41
36	55	40
35	55	40
35	54	38
37	53	36
38	52	35
38	52	34
38	52	36
34	52	39
34	54	40
35	54	40
35	55	42
35	54	41
35	54	40
34	54	40
34	54	42
35	54	43
35	55	42
35	55	42
35	54	40
34	55	41
35	55	40
35	55	40
35	55	42
35	55	42
35	55	40
35	55	40
35	55	42
35	55	43
36	56	42
36	56	42
36	56	43
36	56	43
36	56	43
36	56	43
36	57	43
36	57	44
37	57	44
37	57	44
37	58	45
37	58	45
37	57	45
36	57	45
37	58	45
37	58	45
37	57	45
37	57	45
38	58	45
38	58	45
38	58	45
38	58	44
38	58	46
38	58	46
38	59	47
38	59	47
38	58	47
38	59	47
38	59	46
38	60	47
38	59	47
39	60	49
40	60	49
42	61	50
43	60	51
44	60	51
43	60	48
42	60	48
41	59	49
41	60	49
41	60	50
43	61	49
43	60	48
43	60	48
44	60	49
43	59	50
44	60	51
45	60	49
45	61	47
45	61	46
45	61	48
44	61	49
43	61	50
45	62	49
45	61	49
45	62	48
36	55	42
36	55	42
36	56	42
35	55	42
36	56	42
35	55	42
36	55	40
36	54	39
36	53	38
37	52	37
37	52	40
35	53	40
34	55	41
35	55	42
35	55	42
34	54	42
34	53	41
34	53	40
34	53	40
34	54	41
35	55	40
35	56	40
34	55	41
34	54	41
34	55	41
35	55	40
35	55	42
35	55	42
35	55	40
35	55	40
35	55	42
35	55	42
36	56	42
36	56	42
36	56	43
36	56	43
36	56	43
36	57	43
36	56	43
36	57	44
36	57	44
36	57	44
37	58	45
37	58	44
37	58	45
37	57	45
37	58	45
37	58	45
37	58	45
37	58	45
38	58	45
38	58	46
38	58	45
38	58	45
38	58	47
38	58	47
38	59	46
38	59	47
38	58	47
39	59	46
39	59	47
39	60	47
39	59	46
39	60	47
39	60	49
39	60	49
40	60	50
41	60	49
42	61	49
42	61	47
41	60	46
40	60	47
41	60	48
42	61	49
42	61	49
43	61	48
44	61	50
44	61	48
43	60	49
45	61	47
44	60	48
44	60	49
45	60	51
45	61	51
44	61	47
44	61	46
45	61	47
45	61	47
35	55	42
36	55	42
35	55	42
35	55	43
35	55	41
35	55	42
35	55	41
36	55	41
35	54	40
35	54	40
35	54	42
35	54	42
34	54	42
35	55	42
35	55	43
35	55	42
34	53	41
34	54	40
34	54	41
35	55	41
35	54	40
35	55	40
35	55	40
35	55	40
35	55	40
35	55	40
35	55	43
35	55	42
35	55	42
35	55	40
35	55	43
35	55	43
36	56	42
36	55	41
36	56	43
36	56	43
36	56	42
36	56	42
36	57	43
36	56	43
36	57	45
36	57	44
37	57	44
37	58	45
37	58	45
37	57	44
37	58	45
37	58	45
37	58	45
37	58	45
38	58	45
38	58	44
38	58	45
38	58	45
38	58	45
38	58	45
38	59	45
38	59	45
38	58	46
39	59	46
39	59	46
39	59	47
38	59	47
38	59	47
39	60	48
39	60	48
39	60	49
40	60	48
40	61	49
41	61	48
40	59	47
39	59	48
41	59	48
42	60	49
42	60	49
44	61	49
43	61	51
44	61	51
43	59	50
43	59	49
43	59	49
44	61	48
45	60	49
45	61	48
45	60	47
45	61	46
45	61	47
45	61	47
35	55	43
35	55	43
35	55	42
35	55	42
35	54	41
35	54	41
35	55	42
35	55	42
34	55	41
34	55	41
34	54	43
35	54	43
34	55	41
34	55	41
34	54	43
34	54	42
34	55	41
34	55	41
35	55	41
35	55	41
34	55	41
34	54	41
35	55	42
35	55	42
35	55	40
35	55	40
35	55	43
35	55	42
35	55	42
34	55	41
35	55	42
34	55	42
35	55	42
36	56	40
36	56	43
36	56	43
36	56	42
36	56	42
36	56	43
36	56	43
36	57	43
36	57	43
36	57	44
36	57	45
37	57	44
37	57	44
37	58	45
37	58	45
37	58	45
37	58	45
37	58	45
38	58	45
38	58	45
38	58	45
38	59	46
38	59	46
38	59	45
38	59	45
38	58	46
38	59	47
39	58	48
39	59	47
38	58	46
38	59	47
40	59	47
39	60	47
39	59	48
40	60	48
40	60	48
40	60	49
40	60	48
41	60	48
41	59	48
42	60	48
42	60	48
43	61	49
44	61	51
45	61	51
43	59	51
44	59	50
44	60	47
45	61	46
45	61	46
45	61	47
45	61	48
45	61	48
46	61	47
46	61	46
35	55	41
34	55	41
34	55	41
35	55	41
34	53	41
34	54	41
36	55	40
35	55	40
35	55	40
35	55	40
34	54	42
35	55	41
34	54	42
34	55	41
34	54	42
34	55	41
34	55	41
34	54	41
35	55	42
35	55	43
35	55	41
34	55	41
34	55	42
34	55	42
34	55	41
35	55	40
35	55	42
35	55	42
35	55	42
35	55	40
35	55	43
35	55	42
35	55	42
36	56	40
36	56	43
36	56	43
36	56	42
36	56	42
36	56	43
36	56	43
36	57	43
37	56	43
37	57	44
36	57	45
37	57	44
37	58	45
37	57	45
38	58	45
38	58	45
37	58	45
37	58	45
37	58	45
38	58	45
38	58	45
38	59	46
38	59	45
38	59	45
39	59	45
38	58	46
38	58	46
39	59	48
40	59	46
39	58	46
38	58	46
39	59	46
38	59	47
40	59	47
40	60	48
40	60	47
41	61	47
41	61	48
42	61	48
41	61	47
42	61	47
43	61	49
43	61	49
44	61	48
44	60	47
45	61	47
44	60	47
45	61	46
45	61	47
45	60	48
45	60	49
47	62	49
47	62	48
46	61	47
45	61	46
36	55	40
35	54	40
34	55	41
35	55	41
33	53	41
34	54	40
35	54	39
35	54	38
36	54	39
35	54	40
34	54	42
34	54	42
35	54	43
34	54	42
35	55	42
35	55	42
34	55	41
34	55	41
34	55	41
34	55	41
34	54	42
34	55	41
34	55	41
34	55	41
34	55	41
34	55	41
34	55	41
34	55	41
34	54	41
35	55	40
35	55	42
35	55	42
35	55	42
35	55	42
36	55	42
36	56	43
36	56	43
36	56	43
36	57	44
36	57	44
36	57	44
37	57	44
37	57	44
36	57	44
37	57	45
37	57	45
37	57	45
37	58	45
37	58	45
37	58	45
38	58	45
38	58	45
38	58	45
38	58	45
38	59	45
38	59	47
38	59	47
39	59	46
39	59	46
39	59	46
40	59	45
40	59	46
40	59	47
40	59	47
39	59	48
39	59	47
40	59	47
40	60	47
41	60	47
42	60	47
42	60	48
42	60	48
42	60	48
43	60	49
43	60	50
43	60	50
43	59	48
45	60	48
45	59	48
45	59	48
45	60	48
45	60	47
45	61	47
45	61	47
47	61	47
47	62	47
46	61	48
45	61	47
35	55	40
35	56	40
35	56	40
35	56	40
34	55	42
34	55	41
35	54	40
35	54	40
35	54	41
35	55	41
34	54	42
34	54	42
35	55	42
35	55	42
35	55	40
35	55	40
34	54	41
34	54	41
34	54	41
34	54	41
34	54	41
34	54	41
34	54	42
34	54	42
34	54	42
34	55	41
34	55	41
34	55	41
34	55	41
35	55	42
35	55	42
35	55	42
35	55	42
35	55	42
35	55	43
36	56	43
36	56	43
36	56	43
36	57	44
36	57	44
36	57	44
36	57	44
36	57	45
36	57	45
36	57	45
37	57	44
37	57	45
37	58	45
37	58	45
37	58	45
37	58	45
38	58	45
38	58	45
38	58	45
39	59	46
39	59	46
39	59	47
39	59	46
39	59	46
39	59	46
39	59	46
39	59	46
40	59	48
40	59	47
40	59	47
40	59	47
40	59	47
41	60	46
41	60	47
42	60	47
42	60	48
42	60	48
42	60	48
43	60	48
43	60	49
43	60	49
43	60	48
44	60	47
44	59	49
44	59	48
45	60	47
45	60	45
45	61	47
45	61	47
46	61	46
46	61	46
46	61	47
46	61	46
34	53	40
35	54	40
35	55	40
35	55	41
35	55	41
34	54	42
35	55	42
34	55	42
34	55	42
34	55	42
34	54	43
34	55	42
35	55	42
34	55	42
35	54	40
34	55	41
34	54	41
34	54	41
34	54	40
34	54	40
34	54	40
34	54	40
34	55	41
34	55	41
34	54	42
34	55	42
34	55	41
34	55	41
34	55	41
35	55	42
34	55	42
35	56	42
35	56	42
35	56	42
35	55	42
36	56	42
35	56	43
36	56	43
36	57	44
36	57	44
36	57	44
36	57	44
36	57	45
36	57	45
36	57	44
36	57	44
36	57	45
37	58	45
37	58	45
37	57	45
37	58	45
37	58	45
38	58	45
38	58	45
38	58	45
38	58	45
38	58	46
38	58	46
39	59	46
39	59	46
40	59	46
39	59	46
40	59	48
40	59	48
40	59	48
40	59	48
40	60	47
41	60	46
41	60	48
41	61	47
41	60	48
41	60	48
42	60	48
43	60	48
43	61	49
43	60	49
43	59	48
44	60	47
44	60	48
44	60	47
45	60	45
45	60	45
45	60	45
45	60	46
46	61	46
46	61	46
45	60	46
46	61	46
34	53	40
34	53	40
34	53	40
34	54	39
35	53	40
34	54	41
35	55	40
34	55	41
34	54	42
34	55	42
34	54	42
34	54	42
34	55	41
34	55	41
34	54	41
34	54	41
34	54	41
34	54	41
34	54	40
34	54	40
34	54	40
34	54	40
34	55	41
34	55	41
34	55	42
34	55	42
34	55	41
34	55	41
34	55	41
34	55	42
34	55	41
35	56	43
35	56	42
35	56	42
35	56	42
35	57	43
35	57	43
36	57	43
36	57	43
36	57	44
36	57	44
37	57	44
36	57	44
36	57	44
36	57	44
36	57	44
37	57	45
37	58	45
37	58	45
37	57	45
37	58	45
37	58	45
38	58	46
38	58	45
38	58	46
38	58	46
38	58	45
38	58	46
38	58	46
39	58	45
40	59	45
40	59	45
40	59	47
40	59	47
40	59	48
40	59	48
40	60	48
41	60	48
41	60	48
41	60	48
42	60	48
42	60	48
42	60	47
43	60	48
43	61	49
43	61	49
43	60	47
44	60	46
45	60	48
44	60	47
45	59	45
45	60	45
45	60	45
45	60	45
45	60	45
46	60	45
45	60	46
47	61	45
35	55	43
35	55	43
34	53	41
34	54	40
33	53	40
34	54	40
34	54	41
34	55	41
34	54	41
34	54	41
34	54	41
34	54	41
34	54	41
34	54	41
34	54	41
34	54	41
34	54	42
34	54	42
34	54	42
34	54	42
34	55	42
34	55	42
33	53	42
34	54	43
34	54	42
34	54	42
34	54	42
34	55	42
34	55	42
34	55	42
34	55	41
35	56	43
35	56	42
35	56	42
35	56	42
35	57	43
35	57	43
36	57	43
36	57	43
36	57	44
36	57	44
36	57	44
36	57	44
36	57	44
36	57	44
36	57	44
37	57	44
37	57	44
37	58	45
37	57	45
37	58	45
37	58	45
38	58	46
38	58	45
38	58	45
38	58	46
38	58	46
38	58	45
38	58	45
39	58	45
40	59	46
40	59	46
40	59	46
40	59	46
40	59	47
40	59	47
41	60	48
41	60	48
41	60	48
41	61	47
42	60	48
43	60	49
43	60	47
43	60	47
43	61	49
44	61	48
44	60	47
43	60	46
44	60	47
43	60	46
44	60	45
45	60	44
46	59	45
46	59	45
45	59	43
45	59	43
46	60	44
47	60	44
35	55	43
35	55	42
36	55	40
36	55	38
34	55	38
34	55	39
33	54	40
33	54	42
34	54	41
34	54	41
33	53	40
34	54	39
34	54	39
34	54	39
33	53	40
34	54	40
34	54	42
34	54	42
34	55	42
34	54	42
34	55	42
34	55	42
33	54	42
34	54	42
34	54	42
34	54	42
34	55	42
34	55	42
34	54	42
34	55	42
34	55	42
35	56	42
35	56	43
35	56	42
35	55	42
36	56	42
35	56	42
35	57	43
36	57	43
36	57	44
36	57	44
36	57	44
36	57	44
36	57	44
36	57	44
37	57	44
37	57	44
37	57	44
37	58	45
37	58	45
37	58	45
37	58	45
37	58	45
38	58	45
38	58	45
38	58	45
38	58	45
39	58	45
39	58	45
39	58	45
40	59	46
40	59	46
39	59	46
40	59	46
40	59	47
40	59	47
41	59	48
41	60	48
41	60	47
41	60	47
41	60	49
43	60	49
43	60	48
43	60	48
43	60	48
45	60	47
45	60	47
44	60	46
44	60	46
43	60	46
44	60	45
45	60	43
46	60	43
46	60	43
45	59	43
46	59	43
46	59	44
47	60	43
34	52	37
38	51	29
41	50	23
37	51	25
33	53	36
33	54	42
33	54	42
33	54	42
33	54	42
33	54	42
33	53	41
34	54	40
34	54	40
33	53	40
33	53	40
34	54	40
33	53	41
33	53	41
34	54	41
34	54	41
34	55	41
34	55	41
34	54	42
34	55	42
34	54	42
34	55	41
34	55	42
34	54	42
34	54	42
34	55	42
34	55	42
34	56	42
35	56	42
35	56	43
35	55	42
36	56	42
35	56	43
36	56	43
36	57	43
36	57	44
36	57	44
36	57	43
36	57	43
36	57	44
37	57	44
37	57	44
37	57	44
36	57	44
37	57	44
37	58	45
37	58	45
37	58	45
37	58	45
38	58	45
38	58	46
38	58	44
38	58	45
39	58	44
39	58	45
39	58	45
39	58	46
39	58	46
40	59	46
40	59	46
40	59	46
40	59	48
41	59	48
41	60	48
41	60	48
41	60	47
41	59	48
42	59	48
43	60	48
43	60	47
44	60	48
45	60	47
45	60	46
45	60	45
45	61	46
45	61	46
45	60	44
45	60	43
46	60	43
46	60	43
46	59	42
46	59	41
46	58	44
47	59	43
39	45	25
54	42	13
56	40	8
41	45	14
32	50	34
33	53	42
34	54	44
34	54	44
33	54	43
33	54	42
33	54	41
33	53	40
34	54	40
33	53	41
33	53	40
33	53	40
34	54	40
33	53	41
34	54	39
34	54	39
34	55	39
33	54	40
34	54	41
34	55	42
34	54	42
34	55	41
34	54	42
34	55	42
34	55	42
34	55	42
34	55	42
34	56	42
35	56	42
35	56	43
35	55	42
35	55	42
35	56	43
35	56	44
36	56	44
36	57	45
36	57	45
36	57	45
36	57	43
36	57	44
36	56	43
36	56	43
36	57	44
36	57	45
36	57	45
37	58	45
37	58	45
37	58	45
37	58	45
38	58	45
38	58	46
38	58	45
38	58	45
38	58	44
38	58	45
38	58	45
39	58	47
39	58	46
40	59	46
40	59	46
40	59	46
40	59	47
40	59	47
41	59	47
41	60	47
42	60	46
42	60	48
42	59	48
43	60	48
43	60	47
43	59	48
44	59	47
45	60	46
45	60	45
45	60	46
45	61	45
45	60	44
45	61	43
46	60	43
46	60	43
46	59	41
47	59	41
47	58	43
47	59	42
52	38	8
69	33	1
63	33	4
38	42	14
32	49	35
34	54	42
34	54	44
34	54	43
34	54	43
33	54	42
33	54	41
34	54	41
34	54	41
33	53	41
34	53	41
33	53	40
33	53	40
33	53	40
34	54	39
34	54	39
34	54	42
33	54	42
34	54	42
34	54	42
34	54	42
34	54	42
34	55	42
34	55	42
34	55	41
35	56	40
34	55	42
34	54	42
34	55	41
34	55	42
35	55	42
34	55	42
35	56	42
35	56	43
36	56	43
36	57	43
36	57	43
36	57	43
36	58	44
36	58	44
36	58	44
36	58	44
36	57	44
36	57	44
37	57	44
37	57	44
37	58	45
37	58	45
37	58	45
38	58	45
38	58	45
38	58	46
39	59	46
39	59	46
39	59	46
39	59	46
39	59	47
40	59	46
40	58	46
40	58	46
39	58	47
39	58	47
40	59	48
41	60	47
41	60	47
43	61	47
42	59	48
43	60	48
43	60	48
43	60	47
45	60	48
45	60	47
45	60	47
45	60	45
45	60	45
45	60	43
45	60	45
46	59	45
47	59	44
46	59	43
45	59	41
46	59	40
46	61	40
47	61	40
61	33	1
69	31	-1
50	36	13
34	45	27
34	52	39
34	55	44
34	54	44
34	54	44
34	54	43
34	54	42
33	54	42
33	54	40
34	54	40
33	53	40
33	53	40
34	54	40
34	54	39
33	53	40
34	54	40
34	54	40
34	54	42
34	55	42
34	55	41
34	55	41
34	55	41
34	55	41
34	55	41
34	55	41
34	55	41
34	55	41
35	55	40
34	55	41
34	55	41
34	55	42
35	56	42
35	56	43
35	56	42
35	56	43
36	57	43
36	57	43
36	57	43
36	57	43
36	58	44
36	58	44
36	58	44
36	58	44
36	57	45
36	57	44
37	57	44
37	57	44
37	58	45
37	58	45
38	58	45
38	58	45
38	58	46
38	58	45
38	58	45
38	58	45
39	59	46
39	59	46
39	59	47
40	59	46
40	59	46
40	59	46
40	59	48
40	59	48
40	59	48
41	60	47
41	60	48
42	60	48
43	60	48
43	60	48
43	60	48
43	60	47
45	60	48
45	60	47
45	59	47
46	59	45
46	60	44
45	60	43
45	59	44
45	59	44
46	59	44
46	59	43
45	59	41
46	60	40
47	60	41
47	60	41
54	37	6
52	38	8
37	45	29
34	49	39
34	52	42
34	53	43
34	54	45
34	54	45
34	54	43
34	54	42
33	54	42
33	54	40
34	54	41
34	54	41
33	53	41
33	53	40
33	53	40
33	53	40
33	54	40
33	54	41
33	54	42
34	54	42
34	55	41
34	55	41
34	55	41
34	55	41
34	55	41
34	55	41
34	55	41
34	55	41
34	55	41
34	55	41
34	55	41
34	55	42
35	56	42
35	56	43
35	56	43
36	57	43
36	56	43
36	56	43
36	57	43
36	57	43
36	57	43
36	57	43
36	58	44
36	58	44
36	57	45
36	57	44
37	57	44
37	58	45
37	58	45
38	58	45
38	58	45
38	58	45
38	58	46
38	58	46
38	58	45
38	58	45
39	59	46
39	59	46
39	59	47
40	59	46
40	59	46
40	59	46
40	59	48
40	59	48
40	59	48
41	60	47
41	60	48
42	60	48
43	60	48
43	60	48
43	60	48
43	60	47
45	59	48
45	59	48
45	60	46
45	60	45
45	59	44
45	59	43
45	59	43
46	59	43
47	58	43
46	59	41
46	59	40
46	59	40
47	60	40
47	59	41
41	48	27
39	50	30
34	52	39
35	53	42
34	53	44
35	53	44
35	53	44
35	54	44
34	54	44
34	54	42
34	54	42
34	54	41
34	54	41
34	54	41
34	54	40
34	54	40
33	53	40
33	53	40
34	54	40
34	54	40
34	54	42
34	55	41
34	54	41
34	54	40
34	55	41
34	55	41
34	55	41
34	55	41
34	55	41
34	55	41
34	55	41
34	55	41
34	55	42
35	56	42
35	56	42
35	56	43
36	57	43
36	57	43
35	56	44
36	56	43
36	56	43
36	56	43
36	57	43
36	57	44
36	57	45
36	57	45
36	57	45
37	58	45
37	58	45
37	58	45
37	58	45
37	58	45
37	58	45
38	58	45
38	58	45
38	58	46
38	58	46
38	58	45
39	59	46
39	59	46
39	59	47
40	59	46
40	59	47
40	60	47
40	60	48
40	60	48
41	60	48
41	60	48
41	60	48
42	60	47
42	60	47
43	60	47
43	60	46
44	60	46
45	59	47
45	59	48
45	58	46
45	59	45
46	59	44
45	59	43
46	58	43
47	58	43
46	59	41
46	59	40
46	59	38
46	59	38
46	59	40
47	59	41
36	54	43
36	54	43
35	54	41
35	53	40
36	53	42
35	54	42
36	54	43
35	54	44
34	54	43
34	55	41
34	54	42
34	54	41
34	54	41
33	54	40
33	53	40
33	53	41
33	54	40
33	54	40
34	54	40
34	54	40
34	54	42
34	55	41
33	54	40
34	54	40
34	54	40
33	54	40
34	55	41
34	55	41
34	55	41
34	55	41
34	55	41
34	55	41
34	55	41
35	56	42
35	56	43
35	56	43
35	57	43
36	57	43
35	56	44
36	56	43
36	56	43
36	56	43
36	57	44
36	57	44
36	57	45
36	57	45
36	57	45
37	58	45
37	58	45
37	57	44
37	58	45
37	58	45
37	58	45
37	58	45
38	58	45
38	58	44
38	58	46
38	58	45
39	58	45
39	58	45
39	59	47
40	59	46
40	59	47
40	59	47
40	60	48
40	60	48
41	60	48
41	60	48
41	60	47
41	60	47
42	60	47
43	60	47
44	59	46
44	59	46
45	59	46
45	58	46
45	59	45
46	59	44
46	59	43
46	59	42
46	58	41
47	58	41
47	58	41
47	58	40
47	59	38
47	59	37
46	59	39
47	59	39
33	54	42
34	55	41
35	54	42
36	53	40
36	53	38
36	54	39
36	54	42
35	54	42
34	54	42
34	54	42
34	54	41
34	54	41
34	54	41
33	54	40
33	53	41
33	53	40
33	53	40
33	53	40
34	54	40
34	54	40
34	54	41
34	54	41
34	54	40
34	54	40
33	54	40
33	54	40
34	55	41
34	55	41
34	55	41
34	55	41
34	55	41
34	55	41
34	55	42
34	55	41
35	56	41
35	56	41
35	56	42
35	56	43
35	56	42
35	56	43
36	57	44
36	57	43
36	58	44
36	58	44
36	57	45
36	57	45
37	57	44
37	58	45
37	58	44
37	58	45
37	58	45
37	58	44
38	58	45
38	58	44
38	58	45
38	58	45
38	58	45
38	58	45
38	58	45
39	58	45
39	59	46
40	59	46
40	59	47
40	59	47
41	60	47
41	60	47
41	60	47
40	59	48
41	60	47
41	60	47
41	59	47
43	59	46
43	60	46
44	60	45
44	59	45
45	59	44
45	58	44
46	59	42
46	58	41
46	58	40
46	58	41
47	58	41
47	58	41
47	58	39
47	59	38
47	59	36
47	58	36
47	58	36
32	53	41
34	54	42
35	55	42
35	54	42
35	53	40
35	53	40
35	54	42
34	54	42
34	54	42
34	54	41
34	54	40
34	54	40
34	54	41
34	54	41
33	53	41
33	53	41
33	54	40
33	53	40
33	53	40
33	54	40
33	54	41
34	54	41
33	53	40
33	53	41
33	54	40
33	54	40
34	55	41
34	55	41
34	55	41
34	55	41
34	55	41
34	55	42
34	55	42
34	55	42
34	55	41
34	55	41
35	56	41
35	56	41
35	56	43
35	56	43
36	57	43
36	57	43
36	58	44
36	58	44
36	58	44
36	58	44
36	57	45
37	58	45
37	58	45
37	58	45
37	58	45
37	58	44
37	58	44
38	58	44
38	58	45
38	58	45
38	58	45
38	58	45
38	58	45
39	58	45
40	59	46
40	59	46
40	59	47
40	60	47
41	60	47
41	60	47
41	60	46
41	60	46
41	59	47
41	59	47
41	59	46
42	59	46
43	59	44
43	59	44
45	58	44
45	58	43
45	58	43
46	58	40
45	58	41
45	59	40
46	58	40
47	58	40
47	58	41
47	58	39
47	59	39
48	59	37
47	58	36
47	58	36
33	54	45
32	53	45
34	54	44
34	55	43
34	54	44
34	54	43
34	54	43
34	54	42
34	54	42
34	54	41
34	54	40
34	54	40
34	54	41
34	54	41
33	53	41
33	53	41
32	53	40
32	53	40
33	54	39
33	54	39
33	53	40
34	54	39
33	53	40
33	53	41
33	54	40
33	54	40
34	55	41
34	55	41
34	55	41
34	55	41
34	55	41
34	55	41
34	55	42
34	55	42
34	55	41
34	55	41
34	55	41
35	56	41
35	57	43
36	57	43
36	57	43
36	57	43
36	58	44
36	58	44
36	58	45
36	58	45
36	57	45
37	57	44
37	57	44
37	58	45
37	58	45
37	58	45
37	58	45
38	58	44
38	58	45
38	58	45
38	58	45
38	58	45
38	58	45
39	58	45
40	59	46
40	59	46
40	60	46
40	60	46
41	60	47
41	60	47
40	59	46
40	59	46
41	59	45
41	59	45
41	59	45
42	59	44
43	59	44
43	59	44
45	58	43
46	59	42
46	58	41
45	59	40
46	59	39
47	59	38
46	58	39
47	58	39
48	58	40
47	58	39
47	59	39
48	59	37
47	58	36
47	58	36
32	54	42
32	54	42
33	54	43
32	54	43
33	54	45
33	55	44
33	54	42
33	54	41
33	54	40
34	54	40
33	53	40
33	53	40
33	53	40
33	53	40
33	53	40
32	53	40
33	53	41
33	53	41
33	53	41
33	53	41
33	53	41
33	53	40
34	54	41
34	54	41
34	54	41
33	54	40
33	54	40
34	54	41
34	54	40
34	54	40
34	54	40
34	54	40
34	55	41
34	55	41
34	55	41
35	56	41
35	56	43
35	57	43
35	57	43
35	57	43
36	56	43
36	57	43
36	57	45
37	57	45
36	57	45
36	57	46
36	58	45
37	58	45
37	58	43
36	58	44
37	58	45
37	58	45
37	57	44
37	57	44
37	58	45
38	58	45
38	58	45
38	58	45
38	58	45
38	58	45
40	59	46
40	59	46
39	59	48
40	59	47
40	59	48
40	59	48
40	59	46
41	59	46
41	59	45
41	60	45
41	59	46
42	59	46
43	59	44
43	59	44
45	59	43
46	59	41
46	59	40
45	59	41
46	58	40
46	58	40
47	58	39
47	58	39
47	58	38
47	58	39
47	58	37
47	58	37
47	58	36
48	59	36
32	53	40
32	53	40
32	54	42
32	54	42
33	54	43
33	54	42
33	53	41
33	53	41
33	53	40
33	53	40
32	53	39
32	53	39
32	53	39
32	53	39
32	53	40
32	53	40
33	53	40
33	53	40
33	53	41
33	53	41
33	53	41
33	53	40
33	54	40
34	54	41
34	55	41
34	55	41
34	55	41
34	55	41
34	55	40
34	55	40
34	55	40
34	55	40
34	55	41
34	55	41
35	56	41
35	56	41
35	56	42
35	56	43
35	56	43
35	57	43
36	57	43
36	57	43
36	57	45
36	57	44
37	57	44
37	57	44
36	58	45
37	58	45
37	58	43
36	58	44
37	58	45
38	58	45
38	57	44
38	57	44
37	58	45
38	58	45
38	58	45
38	58	45
38	58	45
39	58	45
40	59	46
40	59	46
39	59	47
40	59	46
40	60	48
41	60	47
41	59	45
41	59	46
41	59	45
41	60	45
42	59	44
43	59	44
43	59	43
44	59	43
45	59	41
45	60	41
45	59	41
45	59	41
46	58	40
46	58	40
47	59	39
47	59	39
46	58	38
46	58	38
47	58	38
47	58	38
47	59	39
48	59	37
32	52	38
32	52	38
32	53	40
32	53	40
32	53	41
33	53	41
33	53	40
32	53	40
32	52	39
32	52	39
32	52	38
32	52	38
32	52	38
32	52	39
32	52	39
32	52	39
33	53	40
33	53	40
33	53	40
33	53	40
33	53	40
33	53	40
33	54	40
34	54	40
34	55	41
34	55	41
34	55	41
34	55	41
34	55	41
34	55	41
34	55	41
34	55	41
34	55	41
34	55	41
35	56	41
35	56	41
35	56	43
35	57	43
35	56	43
35	57	43
36	57	44
36	57	44
36	57	45
36	57	45
37	57	44
36	57	45
36	57	45
37	58	45
37	58	43
36	58	44
37	57	44
37	57	44
38	57	44
38	57	44
38	58	45
38	58	45
38	58	45
38	58	45
39	58	45
39	58	44
40	59	46
39	59	46
39	59	47
39	59	47
40	59	47
41	60	46
41	59	46
41	59	46
41	59	45
41	60	44
41	59	44
42	59	43
43	59	42
43	59	41
45	59	41
45	59	40
45	59	40
45	59	40
45	58	40
45	59	40
46	59	39
47	59	39
46	59	38
47	59	38
47	58	38
47	59	38
47	58	39
47	59	39
32	52	38
32	52	38
32	52	39
32	52	39
32	52	39
32	52	39
32	52	39
32	52	39
32	52	38
32	52	38
32	52	38
32	52	38
32	52	38
32	52	39
32	52	39
32	52	39
33	53	40
33	53	40
33	53	40
33	53	40
33	53	40
33	53	40
33	54	40
34	54	40
34	55	40
34	55	41
34	55	41
34	55	41
34	55	41
34	55	41
34	55	41
34	55	41
34	55	42
34	55	41
35	56	42
35	56	42
36	56	43
36	57	43
35	57	43
35	57	43
36	57	43
36	57	43
36	57	44
36	57	44
36	57	44
36	57	43
36	57	45
37	58	45
37	57	44
37	57	44
37	57	44
37	57	44
37	57	44
37	57	44
38	58	44
38	58	44
38	58	45
38	58	45
39	58	45
39	58	45
40	59	46
39	59	46
40	59	46
40	59	46
40	60	46
40	60	46
41	60	45
41	60	45
41	60	45
42	60	44
42	59	43
43	58	43
43	59	41
44	59	41
45	59	40
45	59	40
45	59	40
45	58	40
45	58	41
46	58	40
47	58	40
47	58	40
47	59	39
47	59	39
47	59	38
47	59	38
47	59	40
47	59	39
32	52	39
32	52	39
32	52	39
32	52	39
32	52	39
32	52	39
32	52	39
32	52	39
32	52	39
32	52	38
32	52	38
32	53	38
32	53	38
32	53	38
33	53	40
33	53	40
33	53	40
33	53	40
33	53	40
33	53	40
33	54	39
33	54	39
33	54	39
33	54	39
34	54	40
34	54	40
33	54	40
33	54	41
34	55	41
34	55	41
34	55	40
34	55	40
34	55	41
34	55	41
34	55	41
35	56	40
35	56	42
36	57	43
35	57	43
36	57	43
36	57	43
36	57	43
36	57	43
37	57	43
36	57	44
36	57	44
36	57	44
37	57	44
37	57	44
37	57	44
38	58	45
38	58	45
38	58	45
37	58	44
38	58	44
38	58	44
38	58	45
39	58	45
39	59	45
39	59	45
39	59	46
39	59	46
40	59	46
40	60	46
40	60	46
40	60	46
40	60	45
41	60	45
41	60	44
42	60	45
43	59	43
43	59	43
43	59	41
45	59	41
45	59	41
45	59	41
45	58	41
45	58	41
46	58	41
47	58	41
48	58	40
47	58	41
47	59	40
47	59	40
47	59	40
47	59	40
47	59	40
47	59	39
32	52	39
32	52	39
32	52	39
32	52	39
32	52	39
32	52	39
32	52	38
32	52	38
32	52	39
32	52	39
32	52	38
32	53	38
32	52	38
32	53	38
33	53	40
33	53	40
33	53	40
33	53	40
33	53	39
33	53	39
33	54	39
32	53	39
33	54	39
33	54	39
33	53	40
33	53	40
33	54	40
33	54	40
33	54	40
34	54	40
34	54	40
34	54	40
34	55	40
34	55	40
34	55	41
34	55	41
35	56	43
36	57	43
36	57	42
36	57	43
35	57	43
35	57	43
36	57	43
36	57	42
36	57	43
37	57	43
36	57	44
37	57	44
37	57	44
37	57	44
38	58	45
38	58	45
37	58	44
38	58	45
38	58	45
38	58	44
38	58	45
39	58	44
39	59	46
39	59	46
39	59	46
39	59	46
40	59	45
40	60	45
40	60	45
40	60	45
40	60	45
41	60	45
42	60	46
42	60	46
42	59	45
42	59	45
43	59	43
44	59	42
45	58	42
45	58	42
45	58	42
46	58	41
46	58	41
47	58	41
48	58	40
48	58	40
47	59	41
46	59	41
47	59	40
47	59	40
47	59	40
47	59	39
32	52	39
32	52	39
32	52	39
32	52	39
32	52	37
32	52	38
32	52	39
32	52	39
32	52	39
32	52	39
32	53	38
32	53	38
32	52	38
32	53	38
32	52	39
32	52	39
32	52	39
33	52	39
33	53	39
33	53	39
32	53	39
32	53	39
33	54	39
33	54	39
33	53	40
33	53	40
33	54	40
33	54	40
34	55	41
34	55	40
34	55	41
34	55	41
34	55	41
34	55	40
34	55	41
34	55	41
35	56	41
36	56	41
36	57	43
36	57	43
36	57	43
36	57	43
36	57	41
36	57	41
36	57	42
36	57	42
37	57	44
37	57	44
37	57	44
37	58	45
37	58	45
37	58	45
37	58	44
37	58	44
38	58	45
38	58	45
38	58	45
39	58	45
39	59	46
39	59	46
39	59	46
39	59	46
40	59	45
40	60	45
40	60	45
40	60	45
40	60	45
41	60	45
42	60	46
42	60	46
42	59	45
43	59	44
43	59	43
44	59	42
45	59	42
45	59	42
45	58	42
46	58	41
46	57	41
46	57	40
47	58	41
47	58	41
46	59	41
46	59	41
47	60	40
47	60	40
46	58	40
47	59	39
32	51	38
32	51	38
32	52	38
32	52	37
32	52	37
31	52	36
31	52	38
32	52	39
32	52	39
32	52	39
32	52	38
32	52	38
32	52	39
32	52	38
32	52	39
32	52	39
32	52	39
33	52	39
33	53	38
32	53	38
32	53	38
33	53	39
33	53	39
33	54	39
33	54	40
34	54	40
34	55	41
34	55	41
34	55	41
34	55	41
34	55	40
34	55	40
34	55	41
34	55	41
34	55	41
34	55	41
35	56	41
36	56	41
35	57	43
35	57	43
36	57	41
36	57	41
36	57	41
36	57	41
36	57	42
36	57	42
36	57	44
36	57	44
37	57	44
37	58	44
38	58	45
37	58	45
38	59	44
38	59	44
38	58	44
38	58	45
38	58	45
38	58	45
39	59	46
39	59	46
39	59	46
40	59	46
40	59	45
40	59	45
40	59	45
40	60	45
40	60	45
41	60	45
41	60	46
42	60	46
42	60	45
43	60	45
44	59	43
45	59	43
45	59	42
45	59	42
46	58	41
47	58	41
46	57	41
46	57	41
46	58	41
46	58	41
46	59	40
46	59	40
46	60	40
47	60	40
46	58	41
47	58	39
32	52	37
32	52	37
31	52	38
31	52	38
32	52	38
32	52	37
32	52	39
32	52	39
32	52	37
32	52	37
32	52	37
32	52	37
32	52	37
32	52	37
32	52	39
32	52	38
32	52	38
32	52	38
33	53	38
33	53	38
32	53	38
32	53	39
32	53	39
33	54	39
33	55	40
33	55	40
33	54	40
33	54	40
34	54	40
34	54	40
34	54	41
33	54	40
34	54	41
34	54	41
34	55	40
34	55	40
35	55	41
34	55	41
35	56	41
35	56	41
36	57	41
36	57	41
36	56	41
36	57	41
36	57	43
37	57	43
36	57	44
37	58	45
37	58	45
37	58	45
37	57	44
38	57	44
38	58	43
37	58	43
37	58	43
38	58	43
38	58	44
38	58	45
38	58	45
39	58	44
39	58	44
39	58	44
39	59	45
40	59	45
40	58	45
40	58	45
40	59	44
41	59	44
41	58	45
42	59	44
43	58	43
43	59	42
44	59	44
44	59	44
45	58	44
45	58	43
45	57	42
47	57	40
46	57	41
46	58	41
45	58	42
46	58	43
46	59	42
46	60	41
45	58	41
45	58	40
46	59	40
47	59	40
32	52	38
32	52	38
32	52	39
32	52	39
32	52	39
32	52	39
32	52	39
32	52	39
32	52	39
32	52	39
32	52	38
32	52	37
32	52	37
32	52	37
32	52	39
32	52	38
32	52	38
32	52	39
32	52	37
32	52	37
32	52	38
32	52	38
32	53	39
32	53	39
33	54	39
33	54	39
33	54	40
33	54	40
34	54	40
34	54	40
34	54	40
34	54	40
34	55	40
34	55	40
34	55	41
34	55	41
35	56	41
35	56	41
36	56	41
36	56	41
36	56	41
36	56	41
36	57	40
36	57	41
36	57	43
37	58	43
36	57	43
37	57	44
37	58	44
37	58	45
37	58	43
37	57	43
38	58	43
38	58	43
38	58	43
39	59	43
39	58	44
38	58	45
38	58	45
38	58	45
38	58	45
39	58	44
39	58	44
39	58	44
40	59	46
40	59	45
41	59	45
41	59	45
41	59	46
42	60	45
42	60	45
43	60	44
44	59	45
45	59	45
45	58	44
46	58	44
46	58	42
47	58	42
46	58	41
45	58	42
45	59	42
45	59	42
45	59	42
45	59	42
46	58	41
46	58	41
46	58	43
47	58	42
31	51	38
31	51	38
31	52	38
32	52	39
32	52	39
32	52	39
32	51	38
32	51	38
32	52	38
32	52	38
32	52	37
32	52	37
32	52	37
32	52	37
32	52	37
32	52	37
32	52	37
32	52	38
32	52	36
32	52	36
32	52	36
32	52	36
32	52	38
32	52	38
33	53	39
33	53	39
33	54	39
33	54	39
34	54	40
34	54	40
34	55	40
34	55	40
34	55	40
34	55	41
34	55	41
34	56	41
35	57	41
35	57	41
36	56	41
36	56	41
36	56	41
36	56	41
36	56	41
36	57	41
36	58	41
37	58	42
36	57	43
37	57	43
37	57	43
38	58	43
37	57	43
37	57	43
38	58	42
38	58	42
38	58	44
39	59	43
38	58	44
38	58	44
38	58	45
38	58	45
38	58	45
40	59	44
39	58	44
40	59	44
40	59	45
40	59	45
41	59	46
41	60	46
42	60	46
42	60	46
43	60	47
43	60	46
43	59	46
44	59	45
44	58	43
45	58	43
45	58	43
45	59	43
45	59	43
45	59	43
45	59	42
45	59	42
45	59	42
46	59	42
46	58	43
46	58	43
46	58	44
47	58	43
31	51	38
31	51	38
32	52	39
32	52	39
32	52	38
32	52	39
31	51	38
31	51	38
31	51	36
31	51	36
32	52	37
32	52	37
32	52	37
31	51	37
32	52	37
32	52	37
32	52	37
32	52	37
32	52	37
32	52	37
32	52	36
32	52	36
32	52	38
32	52	38
33	53	39
33	53	39
33	54	39
33	54	39
34	55	40
34	55	40
34	55	40
34	55	39
34	55	40
34	55	40
34	55	41
35	55	41
35	56	41
35	56	41
36	56	41
36	56	41
36	56	41
36	56	41
36	56	41
36	57	41
36	57	41
36	58	41
36	57	42
36	57	43
37	58	43
38	58	43
38	58	43
37	57	43
38	58	43
37	58	43
38	58	45
38	58	44
38	58	44
38	58	44
38	58	45
38	58	45
38	58	45
40	59	44
39	58	45
40	59	44
40	59	45
40	59	45
41	60	46
41	60	46
42	60	47
42	60	47
43	60	49
42	60	49
42	59	46
45	58	43
45	57	42
45	58	42
45	58	43
45	59	43
45	59	44
46	59	45
45	59	43
45	59	43
45	58	43
46	58	43
46	58	43
46	58	44
47	58	44
48	58	44
32	52	38
32	52	38
32	52	39
32	52	39
32	52	39
32	52	39
31	51	38
31	51	37
31	51	35
31	51	35
31	51	35
31	51	35
32	52	36
32	52	36
32	52	37
32	52	37
32	52	39
32	52	38
32	52	38
32	52	38
32	52	37
32	52	38
32	52	38
33	53	38
33	54	38
33	54	38
33	54	39
33	54	39
34	55	40
34	55	40
34	55	40
34	55	39
34	55	39
34	55	40
34	55	40
35	55	40
35	55	41
34	55	41
35	56	41
35	56	41
36	57	41
36	57	41
36	56	41
36	57	41
36	57	42
36	57	43
36	57	42
36	57	43
37	57	44
38	58	43
38	58	43
37	57	43
38	58	45
38	58	44
38	58	45
38	58	45
38	58	45
38	58	44
38	58	45
38	58	45
38	58	45
39	58	44
39	59	45
40	59	45
40	59	45
40	59	45
41	60	46
41	59	46
42	60	46
43	60	48
44	59	50
44	58	50
44	58	46
47	58	42
47	57	39
45	58	40
45	58	42
45	59	43
46	59	44
45	59	46
45	59	47
45	60	45
45	59	45
46	59	44
46	59	43
46	59	43
46	58	43
47	58	43
32	52	37
32	52	37
32	52	37
31	51	37
31	51	38
31	52	38
30	51	36
31	51	36
31	51	36
31	51	36
31	52	36
32	52	36
32	52	36
32	52	36
32	52	37
32	52	37
32	52	39
32	52	39
32	52	39
32	52	39
32	52	39
32	52	38
32	52	38
32	53	39
33	54	39
33	54	39
33	55	40
33	55	40
33	55	40
34	55	40
34	55	39
34	55	39
34	55	39
34	55	40
34	55	40
35	55	40
35	55	40
35	55	41
35	56	40
36	56	41
36	57	41
36	57	41
36	56	42
36	56	42
36	57	42
36	57	43
36	56	42
36	57	42
37	58	43
37	58	42
37	58	43
37	58	43
38	58	44
38	58	44
38	58	44
38	58	45
38	58	45
38	58	45
38	59	45
39	59	45
39	59	45
39	59	45
39	59	45
39	59	45
40	59	46
40	60	45
41	59	46
41	59	46
42	60	46
45	59	46
47	58	48
46	57	48
44	57	47
45	58	44
45	58	42
44	58	41
45	59	42
45	59	43
45	59	44
45	59	45
45	59	47
46	59	46
47	60	45
47	60	44
46	60	44
45	60	43
45	59	44
47	59	44
31	51	37
31	51	36
31	51	35
31	51	36
31	52	36
32	52	36
31	51	37
31	51	37
31	51	36
31	51	36
31	52	36
32	52	36
32	52	38
32	52	37
32	52	37
32	52	37
32	52	39
32	52	39
32	52	37
32	52	38
32	52	38
32	52	38
32	52	38
32	53	39
33	54	39
33	54	39
33	54	39
33	54	39
33	55	40
34	55	40
34	55	39
34	55	39
34	55	39
34	55	39
34	55	40
35	55	40
34	55	41
35	56	40
36	56	41
36	56	41
36	56	41
36	56	41
36	56	42
36	56	42
36	57	42
36	57	43
36	56	41
36	57	41
37	58	41
37	58	41
37	57	44
37	58	43
38	58	45
38	58	44
38	58	44
38	58	45
38	59	45
38	59	45
38	59	45
38	59	45
39	60	45
40	59	45
39	60	45
39	60	45
40	60	46
40	60	45
41	59	45
41	59	45
43	59	46
45	59	45
46	58	46
45	58	48
42	58	48
42	59	48
44	60	46
45	60	45
45	59	43
45	59	43
45	58	44
45	58	44
45	58	46
46	59	46
47	59	45
47	60	44
46	59	45
45	60	44
45	60	45
46	60	45
32	51	35
33	51	35
33	51	35
32	51	35
31	51	36
31	51	36
31	51	38
31	51	37
31	51	37
32	52	37
32	52	37
32	52	37
32	52	38
32	52	38
32	52	37
32	52	37
32	52	38
32	52	37
32	52	37
32	52	37
32	52	36
32	52	36
32	52	39
32	52	39
32	53	39
32	53	39
33	54	39
33	54	39
33	55	40
34	55	40
33	55	40
34	55	39
34	54	40
34	54	40
35	55	40
34	55	40
34	55	41
35	56	40
35	56	41
36	56	41
36	56	41
36	56	41
36	56	41
36	56	41
36	56	41
36	57	41
36	57	40
36	57	41
37	58	41
37	58	42
37	58	43
37	58	42
37	58	43
37	58	44
38	58	44
38	58	45
38	59	45
38	59	45
38	59	46
38	59	46
39	59	45
39	59	45
39	60	45
40	60	45
40	60	46
40	60	46
40	59	46
41	59	46
41	59	46
42	59	46
43	59	47
42	59	47
43	60	49
43	61	50
45	61	49
45	61	48
45	60	45
45	60	44
44	59	42
44	59	42
44	59	45
45	59	45
45	60	45
45	60	45
46	59	45
46	59	45
45	60	46
46	59	46
31	51	35
33	51	35
34	52	34
33	51	35
31	51	34
30	50	35
31	51	36
31	51	36
32	52	36
32	52	36
31	50	36
31	51	36
31	52	36
32	52	36
31	51	35
32	52	36
32	52	37
32	52	38
32	52	37
32	52	38
32	52	38
32	53	39
32	53	38
32	53	38
32	53	38
33	54	38
33	54	38
33	55	38
33	55	38
33	55	38
34	55	39
34	55	40
34	55	39
34	55	39
34	55	40
34	55	40
34	55	40
35	55	40
34	55	41
35	56	40
36	56	41
36	56	41
36	57	41
36	57	41
36	58	41
36	58	41
36	58	41
37	58	41
37	58	41
37	58	41
37	58	42
37	58	42
37	58	43
37	58	44
38	59	42
38	59	43
38	59	44
38	59	44
38	59	45
38	59	45
38	59	45
39	59	45
39	59	46
40	60	46
40	60	46
40	60	45
40	59	46
41	59	46
41	59	47
41	59	46
43	60	45
43	60	45
43	60	46
43	60	46
44	60	46
44	60	46
44	60	46
45	60	46
45	60	46
44	60	46
44	60	45
45	59	45
45	60	44
45	60	44
45	60	44
45	60	44
45	60	45
45	60	45
31	51	37
31	51	36
32	51	36
32	51	36
31	51	35
31	51	36
30	51	37
31	51	37
31	52	36
31	52	36
31	50	36
31	51	36
32	52	36
32	52	36
31	51	36
32	52	36
32	52	37
32	52	38
32	52	37
32	52	37
32	52	38
32	52	38
32	53	38
32	53	38
32	53	38
32	53	38
33	54	38
33	54	38
33	55	38
33	55	38
33	55	38
33	55	38
34	55	39
34	55	38
34	55	39
34	55	39
35	55	40
36	56	39
35	55	41
35	56	40
36	57	40
36	56	41
36	57	41
36	57	41
36	57	41
36	57	41
36	57	41
36	57	41
37	58	41
37	58	41
37	58	42
37	58	42
37	58	43
37	58	43
38	58	44
38	58	44
38	58	44
38	58	44
39	59	45
39	59	45
39	59	45
39	59	45
40	60	45
40	60	45
40	60	46
40	60	45
41	60	46
41	59	46
42	59	46
42	59	46
42	60	45
42	60	45
43	59	46
43	60	46
44	60	46
44	60	46
44	60	46
45	60	46
44	60	46
44	60	46
44	60	46
45	60	45
45	60	45
45	60	45
45	60	45
45	60	45
45	60	45
46	60	45
30	51	37
30	51	37
30	51	37
31	51	37
31	51	37
31	51	37
31	51	36
31	51	36
31	51	37
31	51	37
31	51	36
32	52	36
31	52	36
31	52	36
32	52	36
32	52	36
32	52	38
32	52	38
32	52	38
31	52	38
32	53	38
32	52	38
32	53	38
32	53	38
32	53	39
32	53	39
33	54	38
33	54	38
33	54	38
33	54	38
33	55	38
34	55	38
34	55	38
34	55	38
34	55	39
34	55	39
35	56	38
35	56	38
35	55	39
35	55	39
35	55	41
35	56	40
36	56	41
36	56	41
36	57	41
36	57	41
36	57	41
36	57	41
36	58	41
37	58	41
38	58	42
38	58	42
38	58	43
38	58	43
38	58	43
38	58	43
38	58	44
38	58	44
38	58	44
38	58	44
39	59	45
39	59	45
40	60	45
40	60	45
40	60	46
41	60	45
41	59	46
42	60	46
42	60	46
43	60	46
42	60	45
43	60	45
42	60	45
43	60	45
44	59	45
44	59	45
43	60	46
44	60	46
44	60	46
43	60	46
44	60	46
45	60	45
45	60	46
45	60	46
45	60	46
45	60	46
45	60	45
45	60	46
31	51	38
31	51	38
31	51	38
31	51	38
32	52	37
31	51	37
31	50	37
31	51	36
31	51	37
30	51	37
31	50	37
31	51	37
31	52	36
31	52	36
31	52	36
31	52	36
32	52	38
32	53	38
31	52	38
31	51	38
31	52	38
32	52	38
32	53	38
32	53	38
32	53	38
32	52	38
32	53	38
32	53	38
33	54	38
33	54	38
33	54	38
34	54	38
34	55	38
34	55	38
34	55	38
35	55	38
35	56	38
34	56	38
35	55	39
35	55	39
35	55	41
35	56	40
36	56	41
36	56	41
36	57	41
36	57	41
36	57	41
36	57	41
37	58	41
37	58	41
38	58	42
38	58	42
38	58	43
38	58	43
38	58	43
38	58	43
38	58	44
38	58	44
38	58	44
38	58	44
39	59	45
39	59	45
39	59	45
40	59	45
40	59	45
41	59	45
41	60	46
42	60	46
42	60	46
43	60	46
43	59	45
43	59	45
43	60	46
43	60	46
43	60	46
43	60	46
43	60	46
44	60	46
43	60	46
43	60	46
44	60	47
45	60	47
45	60	46
45	60	45
45	60	45
45	60	45
45	61	47
45	61	47
30	51	37
30	51	37
31	51	38
32	52	37
31	52	36
31	52	37
30	50	37
31	50	37
31	51	37
30	51	37
30	50	36
31	51	36
31	52	36
31	52	36
31	52	36
31	52	36
31	52	36
32	53	37
31	52	36
31	52	36
32	52	38
32	52	38
32	53	38
32	53	38
32	53	38
32	53	38
32	53	38
32	53	38
33	54	38
33	54	38
33	54	38
33	54	38
33	55	38
34	55	38
34	55	38
35	55	38
35	56	38
34	56	38
35	55	39
35	55	39
35	56	40
36	56	40
36	56	41
36	56	41
36	56	41
36	56	40
36	57	41
36	57	41
37	57	40
37	57	40
37	58	43
37	58	42
38	58	43
38	58	43
38	58	43
38	58	43
38	58	44
38	58	44
38	59	45
39	59	45
39	59	44
40	59	44
39	59	45
40	59	45
40	59	44
41	59	44
41	59	46
41	59	46
41	60	47
42	60	46
43	59	46
43	58	46
43	60	46
43	60	46
43	59	46
43	59	46
43	60	46
45	60	46
44	60	46
44	60	46
45	61	46
45	60	46
45	61	46
45	61	46
45	61	44
45	61	45
45	61	47
45	60	48
30	51	36
30	51	36
30	51	36
31	51	36
31	52	35
31	51	36
30	50	37
30	51	37
31	52	36
31	52	37
30	50	36
30	51	36
31	52	37
31	52	36
30	51	36
30	51	37
31	52	36
32	52	37
31	52	36
31	52	36
31	52	37
31	52	37
32	52	37
32	53	37
32	53	37
32	53	37
32	53	37
32	53	37
33	54	37
33	54	37
33	54	38
33	54	38
34	55	38
34	55	38
34	55	38
34	55	38
35	56	38
35	56	38
34	55	38
35	55	38
35	55	39
36	56	39
36	56	41
36	56	41
36	56	41
36	56	40
36	57	41
37	57	40
37	57	40
37	57	40
37	58	43
37	58	42
38	58	42
38	58	42
38	58	43
38	58	43
38	58	43
38	58	43
39	59	45
39	59	45
39	59	45
39	59	45
39	58	44
39	59	44
40	59	44
40	59	44
41	59	46
41	60	46
41	60	47
42	60	47
43	59	47
44	59	47
44	59	46
43	60	46
43	60	46
43	60	46
43	60	46
44	60	45
44	60	46
44	60	46
44	60	47
45	61	46
45	61	46
45	61	46
45	61	44
45	61	45
45	60	47
45	60	48
30	50	36
30	50	36
30	51	36
30	51	36
30	51	35
30	51	35
30	51	37
31	52	37
31	52	37
31	52	37
30	50	36
30	51	36
30	51	36
30	51	37
30	51	36
30	51	37
31	52	36
31	52	37
31	52	37
31	52	37
31	52	37
31	53	38
31	52	36
32	52	36
32	53	36
32	53	36
32	53	38
32	53	37
33	54	37
33	54	37
33	54	38
33	54	38
34	55	38
34	55	38
34	55	39
34	55	39
34	55	40
35	55	40
34	55	38
35	55	38
35	55	40
35	55	39
36	56	41
36	57	40
36	56	41
36	56	41
36	57	41
37	57	40
37	57	40
37	57	40
37	58	42
38	58	42
37	58	42
37	58	43
38	58	43
38	58	44
38	58	44
39	59	45
39	59	45
39	59	45
39	59	45
38	59	45
39	58	44
39	58	44
40	59	44
40	59	44
41	59	45
41	60	45
41	60	47
42	60	47
43	59	46
43	60	46
43	60	46
43	59	46
43	60	45
42	60	45
43	60	46
43	60	46
44	61	48
44	61	48
44	61	48
44	61	48
45	61	47
45	61	46
45	60	45
44	60	46
44	60	47
45	60	47
30	50	36
30	50	36
30	50	36
30	50	36
30	51	35
30	51	35
30	51	37
30	51	37
30	51	37
30	51	37
30	50	36
30	51	36
30	50	37
30	51	37
30	50	36
30	51	36
31	52	36
31	52	37
31	52	37
32	53	38
32	53	37
32	53	38
32	52	36
32	52	36
32	53	36
32	53	36
32	53	37
32	53	37
33	54	37
33	54	37
34	54	38
33	54	38
33	55	38
34	55	38
34	55	39
34	55	39
34	55	40
35	55	40
35	55	38
35	55	38
35	55	40
35	55	40
36	56	41
36	57	40
36	57	41
36	57	41
36	57	41
37	57	40
37	57	40
37	57	40
37	57	41
38	57	41
38	58	42
37	57	43
37	58	43
38	58	44
38	58	44
38	59	45
38	59	45
39	60	45
39	59	45
39	59	45
39	58	44
39	59	44
40	59	44
41	59	43
41	60	45
41	60	45
41	60	47
41	61	47
42	60	45
43	60	45
43	60	44
42	60	44
43	60	44
43	60	44
43	60	45
43	60	46
44	60	47
45	61	47
45	60	49
44	61	48
44	60	48
45	60	47
45	60	47
43	60	46
44	59	46
45	60	45
29	49	36
29	49	36
29	49	35
29	49	35
30	50	35
30	50	35
30	51	35
30	51	35
30	51	35
30	51	35
31	52	36
31	51	36
30	51	35
30	51	35
30	51	35
30	51	35
30	50	37
30	50	36
30	51	37
30	51	37
31	51	38
31	51	38
31	52	36
31	52	36
31	52	37
31	52	37
32	53	39
32	53	38
33	54	38
33	54	38
34	55	38
34	55	38
34	55	39
34	55	39
34	55	39
34	55	39
34	56	38
34	56	38
35	55	38
34	56	38
34	55	40
36	57	39
36	57	41
36	57	41
36	57	41
36	57	41
37	56	40
37	56	40
36	56	40
37	57	40
37	57	40
38	58	41
38	58	42
37	58	42
37	58	42
37	58	42
38	58	43
38	59	42
38	59	44
38	59	44
39	59	44
39	60	43
39	59	44
40	59	44
40	59	44
41	59	44
41	60	45
41	59	45
41	60	45
41	60	45
41	59	47
43	60	45
43	61	45
43	61	44
41	60	45
42	60	44
43	59	46
43	60	46
43	61	47
44	61	47
44	61	47
44	61	48
45	60	47
45	60	46
45	61	46
45	62	45
44	61	46
45	61	46
29	49	36
29	49	36
29	49	35
29	50	35
29	50	36
29	50	36
30	50	37
30	50	37
30	51	35
30	51	35
30	51	35
30	51	35
30	51	35
30	51	35
30	51	35
30	51	35
30	51	37
30	51	37
31	52	37
31	52	37
31	52	37
31	52	37
31	52	36
31	52	36
32	53	37
32	53	37
32	53	37
32	53	37
32	53	38
32	53	38
33	54	39
33	55	38
34	55	38
34	55	38
34	55	38
34	55	38
34	55	38
34	55	38
34	55	38
34	55	38
35	55	39
36	57	39
36	56	41
36	56	41
36	57	41
36	57	41
36	56	41
36	56	40
36	56	40
37	57	40
37	57	40
37	58	41
38	58	42
38	58	42
38	58	42
37	58	42
38	58	43
38	59	42
38	59	44
38	59	44
39	59	44
39	60	43
40	59	44
40	59	44
40	59	44
40	59	44
41	59	45
41	59	45
41	60	45
41	60	45
41	59	44
42	60	44
43	59	46
43	60	46
42	60	47
42	60	47
42	60	47
42	60	46
43	60	45
43	60	46
43	60	46
43	60	48
45	60	49
45	60	48
45	61	48
44	61	47
43	60	47
44	61	46
29	49	36
29	49	36
30	50	36
30	50	36
29	50	36
30	50	36
30	50	36
30	50	36
30	51	36
30	51	36
30	51	35
30	51	35
30	51	35
30	51	35
30	51	35
30	51	35
31	51	36
31	51	36
31	52	36
31	52	36
31	52	36
31	52	36
31	53	36
32	53	36
32	54	36
32	54	36
32	54	37
32	54	37
32	54	37
32	53	38
32	53	38
33	54	38
33	54	38
33	54	38
33	54	38
34	54	38
34	54	37
34	54	38
34	55	38
34	55	39
35	55	39
35	57	40
35	56	41
35	57	41
36	57	41
36	57	40
36	56	41
37	57	40
37	57	40
37	57	40
37	58	41
37	58	41
38	58	42
38	58	42
38	58	42
38	58	42
38	59	42
38	59	42
39	59	44
39	59	44
39	59	43
39	60	43
40	59	44
40	59	44
40	59	44
40	59	44
41	59	45
41	59	45
41	60	45
41	60	44
42	59	43
43	59	42
43	60	44
42	61	45
41	60	48
41	61	48
41	62	48
41	62	48
41	61	46
43	61	45
44	61	45
43	61	46
43	60	46
43	60	46
44	60	47
43	61	47
44	61	47
44	61	47
29	49	36
29	49	36
30	50	36
30	50	36
30	50	36
30	50	36
29	49	36
29	49	36
30	50	36
30	50	36
30	51	35
30	51	35
30	51	35
30	51	35
30	51	34
30	51	34
30	51	35
30	51	35
31	52	35
31	52	35
31	52	36
31	52	36
31	53	36
32	53	36
32	53	36
32	53	36
32	53	38
32	54	37
33	54	37
33	54	37
33	54	37
33	54	37
34	55	37
33	54	38
33	54	39
34	55	38
34	55	38
34	55	38
34	55	38
34	55	38
34	55	39
35	55	40
35	55	41
35	56	41
36	57	41
36	57	40
36	57	41
37	57	40
37	57	40
37	57	40
38	58	41
38	58	41
38	58	42
38	58	42
38	58	42
38	58	43
38	59	42
38	59	42
39	59	44
39	59	44
39	59	43
39	60	43
40	59	44
40	59	44
40	59	44
40	59	44
41	59	45
41	60	45
41	60	45
41	60	46
42	60	47
44	61	47
43	61	47
41	61	47
41	61	49
42	62	51
41	62	52
41	62	52
41	61	49
43	61	47
44	61	46
43	61	46
43	60	47
43	60	46
44	60	46
43	61	47
45	61	47
44	61	47
29	49	36
29	49	36
29	50	36
29	50	36
29	50	36
30	50	36
29	49	36
29	49	36
30	50	36
30	50	36
30	51	35
30	51	35
30	51	35
30	51	35
30	51	34
30	51	34
30	51	35
30	51	35
31	52	35
31	52	35
31	52	35
31	52	35
31	52	36
31	52	36
31	52	36
31	52	36
32	53	36
32	53	36
33	53	36
33	53	36
33	54	38
33	54	38
33	54	38
33	54	38
33	54	39
34	55	39
34	55	39
34	55	39
34	55	38
34	55	38
34	55	39
35	55	40
35	55	40
36	57	39
36	57	41
36	57	41
36	58	41
37	58	41
37	58	41
37	58	40
38	58	41
38	58	41
38	58	42
37	58	42
38	58	42
38	58	42
38	59	42
38	59	42
39	59	44
39	59	44
39	60	43
39	60	43
40	59	44
40	59	44
40	59	44
40	59	44
41	60	45
41	60	45
42	60	45
42	60	46
42	61	49
43	61	49
42	61	48
42	61	48
42	61	51
43	61	51
43	61	53
42	60	50
44	58	42
49	58	35
48	58	36
43	59	40
43	60	44
43	61	47
43	60	47
43	61	47
44	61	47
44	61	47
28	49	36
29	49	36
29	50	36
29	49	37
29	49	37
29	50	36
29	49	36
29	49	36
29	50	36
30	50	35
30	51	35
30	51	35
30	51	34
30	50	35
30	50	35
30	50	35
30	52	35
30	51	35
30	51	35
30	52	35
31	52	35
31	52	35
31	52	36
31	52	36
31	52	36
31	51	36
31	52	36
32	52	36
32	53	36
33	53	36
32	54	37
33	54	38
34	55	38
34	55	38
34	54	39
34	54	39
34	55	39
34	55	39
34	55	39
34	55	39
35	55	40
35	55	39
36	57	39
36	56	39
36	57	40
36	57	41
36	57	41
36	57	40
37	58	41
37	58	41
37	58	41
38	58	41
38	58	42
38	58	42
38	58	42
38	58	42
38	58	42
38	58	42
38	58	43
38	59	43
39	59	43
39	59	43
40	59	43
40	59	43
40	59	44
40	59	44
40	60	46
41	60	45
42	61	45
42	61	46
42	61	47
42	62	48
42	60	48
45	60	49
45	60	52
45	60	52
42	60	49
42	58	42
46	53	30
56	52	22
53	53	25
42	57	34
42	59	42
44	62	46
43	61	46
45	62	47
44	61	47
44	61	48
28	49	36
29	49	36
29	49	35
29	49	35
29	50	35
29	50	36
29	49	36
29	49	36
29	50	36
29	50	36
30	50	36
30	51	35
30	51	34
30	50	35
30	50	35
30	50	35
30	51	34
30	51	34
30	52	35
30	51	35
30	51	35
30	52	35
31	52	36
31	52	36
31	52	36
31	52	36
32	52	36
31	52	36
32	53	36
32	53	36
32	53	36
33	54	37
33	54	38
33	54	38
34	54	39
34	54	39
34	55	39
34	55	39
34	55	39
34	56	38
35	55	40
35	55	39
35	55	39
36	56	39
36	56	40
36	57	40
36	57	41
36	57	40
36	57	40
37	57	40
37	58	41
37	58	41
37	57	42
38	57	41
38	58	42
38	58	42
38	58	42
38	58	42
38	59	43
38	59	43
39	59	43
38	59	43
39	59	44
39	59	44
40	59	44
40	59	44
40	60	46
41	60	45
41	61	45
41	61	46
41	61	47
41	61	48
44	59	51
48	58	52
48	58	53
45	59	53
43	59	50
43	58	45
44	55	38
49	53	34
47	56	37
41	57	42
43	59	46
43	60	47
43	61	47
43	61	47
44	61	48
44	60	47
28	49	36
28	49	36
29	49	35
29	49	35
29	49	35
29	50	35
29	49	35
29	50	35
29	50	36
29	50	35
29	50	36
30	50	36
30	50	35
30	50	35
30	51	34
30	50	35
30	51	34
30	51	34
30	51	34
30	50	35
30	51	36
30	52	36
31	52	36
31	52	36
31	52	36
32	52	36
32	53	36
31	53	36
32	53	37
33	53	36
33	54	36
32	53	36
33	54	38
33	54	38
33	55	38
33	54	39
34	55	39
34	56	38
34	55	39
35	56	39
35	57	40
36	57	39
35	55	41
35	56	40
36	56	40
36	57	40
36	57	40
36	57	41
36	57	40
37	57	40
37	57	40
37	57	40
36	57	42
37	57	42
38	58	42
38	58	42
38	58	42
38	58	42
38	58	43
38	58	43
39	59	43
38	59	43
39	58	44
39	58	44
40	59	44
40	60	44
40	60	45
41	61	46
42	61	46
41	61	46
41	60	46
42	60	48
45	60	52
50	60	51
49	58	52
46	58	52
43	59	50
43	59	50
44	60	50
43	60	50
43	61	49
43	60	48
43	60	47
42	60	45
43	60	45
43	60	45
43	60	47
43	60	47
28	49	37
28	48	38
29	49	37
29	49	37
29	50	36
29	50	36
29	50	36
29	50	36
29	50	36
29	50	36
29	50	36
29	50	36
29	50	36
29	50	36
29	50	36
30	50	36
30	51	34
30	51	34
30	51	35
30	52	35
30	52	35
30	51	35
30	51	36
30	51	36
30	52	36
31	52	36
32	52	36
32	53	36
32	53	36
32	53	36
32	53	37
32	53	37
32	54	37
33	54	38
33	54	39
33	54	39
34	55	39
34	56	38
34	55	37
34	56	37
36	56	39
35	57	40
35	56	41
36	56	41
36	57	40
36	57	40
36	57	41
37	57	40
36	57	41
37	57	40
37	57	40
38	58	42
38	58	43
38	58	43
38	58	43
38	58	43
38	59	43
38	58	43
39	58	42
38	59	43
39	59	43
39	60	43
39	58	44
40	59	43
40	59	44
40	59	44
41	59	44
40	60	44
40	60	45
41	61	46
41	60	47
41	60	47
44	60	47
47	60	48
48	59	49
46	59	51
44	59	51
43	59	50
43	60	50
42	60	49
42	61	48
42	61	47
43	61	46
43	61	46
43	62	46
44	62	46
44	61	47
44	61	46
28	48	38
28	48	38
29	49	37
29	49	37
29	51	36
29	50	36
29	50	35
29	50	35
29	50	35
29	50	36
29	50	36
29	50	36
29	50	36
29	50	36
29	50	36
30	50	35
30	51	34
30	51	34
30	52	35
30	52	35
30	52	35
30	52	36
30	52	36
30	52	36
31	52	36
31	52	36
32	53	36
32	53	36
32	53	36
32	53	36
32	53	37
32	53	37
32	54	37
33	54	38
33	54	39
33	54	39
34	55	39
34	55	39
34	55	37
34	56	37
35	56	39
35	57	40
35	56	41
36	56	41
36	57	40
36	57	40
36	57	41
36	57	41
36	57	41
38	57	38
37	57	40
38	58	41
38	58	42
38	58	42
39	58	42
39	58	42
38	58	43
38	59	43
39	58	42
40	59	43
39	59	43
39	60	43
38	58	44
39	58	44
40	59	44
40	59	44
40	59	44
40	60	44
40	60	45
41	60	45
41	60	46
41	60	47
42	60	47
43	60	47
44	61	48
45	60	49
44	60	49
43	60	49
42	60	49
42	60	48
42	60	48
42	60	47
42	61	46
43	61	46
43	61	47
43	61	47
43	60	46
44	61	47
28	48	36
28	48	36
28	48	36
28	49	36
28	50	36
28	50	36
29	50	37
29	50	37
29	50	35
29	50	35
29	50	36
29	50	36
29	50	35
29	50	35
30	50	35
30	50	35
30	51	35
30	52	35
30	52	36
30	52	36
30	51	36
30	51	36
31	52	36
31	52	36
31	52	37
31	53	36
32	53	36
31	53	36
32	53	37
32	53	36
32	54	37
32	54	37
32	53	38
32	54	37
33	54	39
33	54	39
33	54	39
34	54	39
34	55	39
34	56	38
34	55	40
35	56	40
35	56	41
35	56	41
36	56	41
36	56	39
36	57	41
36	56	41
37	57	40
38	58	38
36	56	40
37	57	40
38	58	40
38	58	41
38	58	43
39	58	42
38	58	43
39	59	43
39	58	42
40	59	42
39	59	43
39	60	43
38	58	44
39	58	44
40	59	44
40	60	44
40	59	44
40	60	45
40	60	45
40	60	45
41	61	45
41	61	45
41	61	46
40	61	46
41	60	47
42	60	46
42	60	47
42	60	47
42	60	47
43	60	47
43	60	47
43	60	47
42	61	47
43	61	47
43	61	47
43	61	47
43	60	47
43	61	47
27	48	37
28	48	36
28	48	36
28	48	36
28	48	36
28	49	36
29	50	37
29	50	37
29	50	37
29	50	37
29	50	35
29	50	36
29	50	35
29	50	35
30	51	34
29	50	36
30	51	36
30	51	36
30	51	36
30	51	36
30	52	37
31	52	38
31	52	37
31	52	37
31	52	37
31	52	37
31	53	36
31	53	36
32	53	38
32	53	38
32	54	37
32	53	38
33	54	39
33	54	39
33	54	39
33	54	39
33	54	39
34	54	39
34	55	39
34	55	40
34	55	40
35	56	40
35	56	41
35	56	41
36	56	41
36	56	39
36	57	41
36	57	41
38	57	40
39	58	37
37	56	40
37	57	40
37	57	40
37	58	41
38	58	43
38	58	43
38	58	43
38	58	43
38	58	43
39	59	43
39	58	44
40	59	44
39	58	44
39	59	44
40	59	44
40	60	44
40	59	44
40	60	44
40	60	44
41	61	44
41	61	45
41	61	46
41	61	45
41	61	45
41	61	45
41	61	45
41	61	45
42	61	45
43	61	47
43	61	47
43	61	47
43	60	47
43	61	47
43	61	47
43	61	46
43	61	46
43	61	47
43	61	47
