80	-6	76
80	-7	77
80	-7	77
80	-7	77
80	-6	77
80	-6	77
81	-7	78
81	-8	79
81	-8	80
82	-8	81
82	-8	81
83	-8	81
83	-9	81
83	-9	82
83	-9	82
83	-9	81
84	-9	81
85	-9	81
85	-9	81
85	-9	80
85	-9	79
85	-8	78
85	-8	77
85	-8	77
85	-7	77
85	-8	78
86	-8	78
86	-8	78
86	-8	78
85	-8	79
85	-9	79
85	-9	80
85	-8	81
85	-8	82
85	-9	83
85	-8	83
85	-8	83
85	-8	83
85	-8	83
84	-7	83
84	-7	83
84	-7	83
83	-7	82
83	-7	82
83	-7	82
83	-7	82
83	-7	82
83	-7	82
83	-7	82
83	-7	82
83	-7	82
83	-7	82
83	-7	82
83	-7	82
83	-7	82
83	-6	81
83	-6	81
83	-6	81
83	-8	81
83	-8	81
83	-8	82
83	-8	82
83	-9	82
83	-9	82
83	-9	82
84	-10	82
84	-10	82
83	-9	81
82	-7	80
82	-7	80
83	-7	81
83	-7	81
83	-7	81
83	-6	80
83	-5	80
83	-5	79
83	-4	78
83	-3	77
83	-3	76
83	-2	75
83	-3	74
83	-2	73
84	1	72
80	3	71
78	6	71
77	6	73
76	3	73
76	0	72
75	-4	67
70	-7	56
61	-8	41
41	-7	28
20	-5	14
3	0	-1
80	-7	77
80	-7	77
80	-7	77
80	-7	77
81	-6	78
81	-7	78
81	-7	79
81	-7	80
82	-8	80
82	-8	81
82	-8	81
83	-8	81
83	-8	82
83	-8	81
83	-8	81
83	-8	81
84	-9	81
85	-9	80
85	-9	80
85	-9	79
85	-8	78
85	-7	77
85	-7	76
86	-7	76
86	-7	76
86	-7	76
86	-8	76
86	-8	76
87	-8	77
86	-8	77
85	-8	78
85	-8	79
85	-8	80
85	-8	81
85	-9	82
85	-8	83
85	-8	83
85	-9	83
85	-8	83
85	-7	83
84	-7	83
84	-7	83
83	-8	82
83	-8	82
83	-8	82
83	-8	82
83	-8	82
83	-8	82
83	-8	82
83	-8	82
83	-8	82
83	-8	82
83	-8	82
83	-8	82
83	-7	82
84	-6	82
84	-6	82
84	-7	82
84	-8	82
84	-8	82
84	-8	82
84	-8	82
84	-9	82
84	-9	82
84	-10	82
84	-10	82
84	-10	82
83	-9	81
83	-8	80
83	-8	81
83	-8	81
83	-7	81
83	-7	81
83	-7	81
83	-5	80
83	-5	79
83	-4	79
83	-4	78
83	-3	77
83	-3	76
83	-3	74
83	-2	72
84	0	72
81	3	72
80	5	72
79	6	74
77	4	75
75	1	74
75	-3	70
74	-5	62
73	-6	50
57	-6	40
37	-4	27
8	0	8
80	-6	77
80	-7	77
80	-7	77
81	-7	78
81	-7	78
81	-7	79
81	-7	79
82	-7	80
82	-7	80
82	-8	81
83	-8	81
83	-8	82
83	-8	81
83	-8	81
83	-8	81
83	-8	81
85	-8	80
85	-9	79
85	-8	79
85	-8	78
86	-8	77
86	-7	76
86	-7	75
86	-6	74
86	-7	74
87	-7	75
87	-7	75
87	-7	75
87	-7	75
86	-7	76
86	-7	76
85	-8	77
85	-8	79
85	-8	80
85	-8	81
85	-8	82
85	-8	83
85	-8	83
85	-8	84
85	-7	83
85	-7	83
85	-8	83
84	-8	82
83	-8	82
83	-8	82
83	-8	82
83	-8	82
83	-8	82
83	-8	82
83	-8	82
83	-8	82
83	-8	82
83	-8	82
83	-8	82
84	-8	82
84	-7	83
84	-7	83
84	-7	83
84	-8	83
84	-8	83
84	-8	83
84	-8	83
84	-9	83
84	-9	83
84	-10	83
84	-10	82
84	-10	82
84	-9	81
83	-8	80
83	-8	81
83	-8	81
83	-7	81
83	-7	81
84	-7	81
83	-6	81
83	-5	80
83	-4	79
83	-4	78
83	-3	78
83	-3	77
83	-2	73
83	-1	71
84	0	71
83	2	72
81	4	74
81	4	76
78	3	76
74	2	75
74	0	72
74	-3	68
77	-4	59
70	-4	52
54	-3	39
23	-1	18
80	-6	77
80	-7	77
81	-7	78
81	-7	78
81	-7	79
82	-7	80
82	-7	80
82	-7	80
82	-7	81
83	-8	81
83	-8	82
83	-8	81
84	-8	81
83	-7	81
83	-7	80
83	-7	80
85	-7	79
85	-8	78
86	-8	78
86	-8	77
86	-7	76
86	-7	75
86	-7	74
86	-6	73
86	-6	73
87	-6	73
87	-6	73
87	-6	74
87	-7	75
87	-7	75
86	-7	76
86	-7	76
86	-7	78
86	-7	80
86	-8	81
85	-8	82
85	-8	83
85	-9	83
85	-8	83
85	-7	83
85	-7	83
85	-7	83
84	-7	82
84	-8	82
84	-8	82
84	-8	82
84	-8	82
84	-8	82
84	-8	82
84	-8	82
84	-8	82
84	-8	82
84	-8	82
84	-8	82
84	-8	83
85	-8	84
85	-8	84
85	-8	84
85	-8	83
84	-8	83
84	-8	83
84	-8	83
84	-9	83
84	-9	83
85	-10	83
84	-10	82
84	-10	82
84	-9	81
84	-8	81
84	-8	81
84	-8	81
84	-7	81
84	-7	81
84	-7	81
84	-6	81
84	-5	80
84	-4	80
83	-4	79
83	-4	78
83	-3	77
83	-2	74
83	-1	71
83	1	71
83	2	73
81	3	74
79	3	75
77	3	76
76	2	76
75	0	74
75	-1	71
76	-3	66
75	-2	61
65	-2	49
40	-1	29
80	-6	77
81	-7	78
81	-7	78
81	-7	78
82	-7	80
82	-7	80
83	-7	81
83	-7	81
83	-8	81
83	-8	82
83	-8	81
83	-7	81
84	-7	81
84	-7	81
84	-6	80
84	-6	79
85	-7	78
86	-7	77
86	-7	77
86	-7	76
86	-6	74
86	-6	74
86	-6	73
86	-5	71
87	-6	72
87	-6	72
87	-6	72
87	-6	73
88	-6	73
87	-7	74
86	-7	75
86	-7	76
86	-7	78
86	-7	79
86	-7	80
86	-8	82
86	-8	82
85	-8	83
85	-8	83
85	-7	83
85	-7	83
85	-7	83
84	-7	82
84	-8	82
84	-8	82
84	-8	82
84	-8	82
84	-8	82
84	-8	82
84	-8	82
84	-8	82
84	-8	82
84	-8	82
84	-8	82
85	-8	83
85	-8	84
85	-7	84
85	-8	84
85	-8	83
85	-9	84
85	-9	83
85	-9	83
85	-8	83
85	-8	82
85	-9	82
85	-10	82
85	-10	82
85	-8	81
85	-8	81
85	-8	81
85	-8	81
85	-7	82
85	-7	82
84	-7	81
84	-6	81
84	-5	81
84	-4	80
84	-4	79
83	-4	78
83	-4	78
84	-2	74
84	-1	72
83	1	72
82	2	73
80	2	74
77	3	75
77	2	76
78	1	77
78	1	76
76	1	73
73	0	70
77	-1	68
73	-2	59
57	-2	39
80	-6	77
81	-7	78
81	-7	78
81	-8	79
82	-7	80
83	-7	81
83	-7	81
83	-7	81
83	-8	82
83	-8	82
83	-7	82
84	-7	81
84	-7	81
84	-7	80
84	-7	79
84	-6	79
85	-7	78
86	-7	77
86	-7	76
86	-7	75
86	-6	74
86	-6	73
86	-6	72
86	-5	71
87	-6	71
87	-6	71
87	-6	72
87	-6	72
88	-6	73
87	-7	74
87	-7	75
86	-7	76
86	-7	77
86	-7	79
86	-7	80
86	-8	81
86	-7	82
86	-8	82
86	-8	82
85	-6	82
85	-7	82
85	-7	82
84	-8	82
84	-8	82
84	-8	82
84	-8	82
84	-8	82
84	-8	82
84	-8	82
84	-8	82
84	-8	82
84	-8	82
84	-8	82
84	-8	82
85	-8	83
85	-8	84
85	-7	83
85	-7	83
85	-8	83
85	-8	83
85	-8	83
85	-9	82
85	-8	82
85	-8	82
85	-9	81
85	-10	81
85	-10	81
85	-8	81
85	-7	80
85	-7	81
85	-7	81
85	-7	81
85	-7	81
85	-7	81
85	-6	81
84	-5	80
84	-4	80
84	-4	79
83	-4	78
83	-3	77
83	-1	74
83	0	72
83	0	73
83	1	73
81	1	75
77	1	75
77	1	75
79	1	76
80	0	76
77	1	74
71	1	72
75	1	71
74	-1	66
69	-2	50
81	-7	78
81	-7	78
81	-7	78
82	-7	79
83	-7	81
83	-7	81
83	-7	81
83	-7	82
83	-7	82
84	-7	82
84	-7	82
84	-7	81
84	-7	81
84	-6	80
84	-6	79
84	-6	78
85	-7	77
86	-7	76
85	-7	76
85	-6	75
85	-6	74
86	-6	73
86	-6	72
86	-5	71
86	-5	71
87	-5	71
87	-6	71
87	-6	72
87	-6	73
87	-6	74
87	-7	75
87	-7	76
87	-7	77
87	-7	79
86	-7	80
86	-7	80
86	-7	81
86	-7	81
86	-7	81
85	-6	82
85	-6	81
85	-6	81
85	-7	83
85	-8	83
85	-8	83
85	-8	83
85	-8	83
85	-8	83
85	-8	83
85	-8	83
85	-8	83
85	-8	83
85	-8	83
85	-8	83
85	-7	83
85	-7	83
85	-7	83
85	-8	83
85	-8	82
85	-8	82
85	-8	82
85	-8	81
85	-8	81
85	-8	80
85	-8	80
85	-9	80
85	-9	80
85	-8	80
85	-7	80
85	-8	80
85	-7	80
85	-7	81
85	-7	81
85	-6	81
85	-6	80
84	-5	80
84	-4	79
83	-4	79
83	-4	78
83	-3	77
82	0	74
82	1	73
84	1	73
84	0	74
83	0	75
78	0	75
78	0	75
79	0	75
80	0	75
78	0	74
72	1	72
74	1	73
75	1	70
75	-2	60
81	-7	78
81	-7	78
81	-8	78
82	-7	79
83	-6	81
83	-6	82
83	-6	82
83	-6	82
84	-6	82
84	-7	82
84	-6	82
84	-6	81
84	-6	80
84	-5	79
84	-5	79
85	-5	78
85	-6	77
85	-7	77
85	-7	76
85	-7	75
85	-6	74
85	-6	72
86	-6	72
86	-5	71
86	-5	71
86	-5	71
86	-5	71
87	-6	72
87	-6	73
87	-6	74
87	-7	75
87	-7	76
87	-7	78
87	-7	79
87	-7	80
86	-7	80
86	-7	80
86	-7	81
86	-7	80
85	-6	80
85	-5	80
85	-6	80
85	-7	82
85	-8	83
85	-8	83
85	-8	83
85	-8	83
85	-8	83
85	-8	83
85	-8	83
85	-8	83
85	-8	83
85	-8	83
85	-8	83
85	-8	83
85	-7	82
85	-7	82
85	-7	82
85	-7	81
85	-7	81
85	-7	81
85	-7	80
85	-8	80
85	-8	79
85	-8	79
85	-8	79
85	-8	78
85	-8	79
86	-7	79
86	-7	79
86	-7	80
85	-7	80
85	-7	80
85	-7	80
85	-6	80
84	-4	79
84	-4	79
83	-4	79
83	-4	78
83	-3	77
81	1	74
81	2	73
84	1	74
85	0	75
84	-1	75
81	-1	75
79	-1	74
78	-1	73
78	-1	74
77	0	73
75	1	73
74	1	73
75	1	72
77	-1	68
81	-7	78
81	-8	78
81	-8	78
82	-7	79
83	-6	82
83	-6	82
83	-6	82
83	-6	82
84	-6	82
84	-6	82
84	-6	82
84	-6	81
84	-5	80
84	-5	79
84	-5	78
85	-5	77
85	-6	77
85	-7	77
85	-7	76
85	-7	75
85	-6	74
85	-6	73
85	-6	72
86	-5	71
86	-5	71
86	-5	71
86	-5	71
87	-6	72
87	-6	72
87	-7	75
87	-8	76
87	-8	77
87	-7	78
87	-7	79
87	-7	80
87	-7	80
86	-7	80
86	-6	80
85	-6	79
85	-5	79
85	-5	79
85	-6	80
85	-8	82
85	-8	83
85	-8	83
85	-8	83
85	-8	83
85	-8	83
85	-8	83
85	-8	83
85	-8	83
85	-8	83
85	-8	83
85	-8	83
85	-8	83
85	-7	82
85	-7	82
85	-7	81
85	-7	81
85	-7	80
85	-7	80
85	-7	79
85	-7	79
85	-7	78
85	-8	78
85	-8	77
85	-8	77
85	-7	78
86	-7	78
86	-7	78
86	-7	79
85	-6	79
85	-6	80
85	-6	80
85	-5	80
84	-5	80
84	-4	79
83	-4	78
83	-3	78
83	-3	77
83	1	75
83	2	74
84	1	74
83	0	75
83	-1	75
83	-2	74
80	-2	73
78	0	72
77	-1	72
78	0	73
79	0	74
76	1	74
74	1	73
74	1	72
81	-7	79
81	-8	79
82	-8	79
82	-7	80
83	-6	82
83	-6	82
83	-6	82
83	-6	82
84	-6	82
84	-6	82
84	-6	81
84	-5	80
85	-6	80
85	-5	79
85	-5	78
85	-5	77
85	-6	76
85	-7	76
85	-6	75
85	-6	75
85	-6	74
85	-6	73
86	-6	73
86	-5	72
86	-5	72
86	-6	72
86	-5	72
86	-6	73
87	-6	73
87	-7	75
87	-8	77
87	-8	77
87	-7	78
87	-7	79
87	-7	79
87	-7	80
86	-6	79
86	-6	79
86	-6	79
85	-5	79
85	-5	78
85	-6	79
85	-7	82
85	-7	83
85	-7	83
85	-7	83
85	-8	83
85	-8	83
85	-8	83
85	-8	83
85	-8	83
85	-8	83
85	-8	83
85	-8	83
85	-7	82
85	-6	81
85	-6	81
85	-7	81
85	-7	80
85	-7	79
85	-6	78
85	-6	78
85	-7	77
85	-7	76
85	-7	76
85	-7	75
85	-7	75
86	-7	76
87	-6	77
86	-6	76
86	-6	77
86	-6	78
85	-6	78
85	-6	78
85	-5	79
84	-5	78
84	-4	78
83	-4	78
83	-4	77
83	-3	77
84	0	76
84	2	75
83	1	76
82	-1	75
82	-2	75
84	-3	74
81	-2	73
79	-1	72
77	0	72
78	0	72
81	0	74
77	1	74
74	1	74
73	2	74
82	-6	80
83	-6	81
83	-6	81
83	-6	81
83	-6	82
83	-6	82
83	-5	81
83	-5	81
83	-5	80
84	-5	79
84	-5	79
84	-6	78
85	-6	78
85	-6	78
85	-6	78
85	-6	78
86	-6	76
87	-5	75
87	-5	75
87	-5	74
87	-5	74
86	-5	74
86	-5	74
87	-5	75
87	-5	75
87	-5	75
86	-5	75
86	-5	75
86	-5	75
86	-6	77
86	-6	78
86	-6	78
86	-6	78
86	-6	78
86	-6	78
86	-6	78
86	-6	78
86	-6	78
86	-6	78
86	-6	78
86	-5	78
85	-6	79
85	-7	81
85	-7	82
85	-7	82
85	-7	82
85	-8	83
85	-8	83
85	-8	83
85	-8	83
85	-8	83
85	-8	82
85	-8	82
85	-7	82
85	-7	81
86	-7	80
86	-6	80
86	-6	79
86	-7	78
86	-6	77
86	-6	76
86	-6	75
86	-6	73
86	-6	72
86	-6	71
86	-6	69
87	-6	69
87	-5	71
88	-4	72
88	-4	72
87	-4	72
87	-4	72
86	-4	73
86	-4	74
85	-4	74
85	-5	76
84	-5	76
84	-5	77
83	-5	78
83	-5	78
83	-3	78
83	-3	77
83	-3	77
82	-3	76
82	-2	76
83	-2	76
83	-1	75
82	0	75
81	-1	74
80	0	75
79	0	75
76	1	75
75	2	74
76	5	74
83	-5	80
83	-5	81
83	-5	81
83	-5	81
83	-5	82
83	-5	81
83	-5	81
83	-5	80
83	-5	79
84	-5	79
84	-5	78
84	-6	77
85	-6	77
85	-6	78
85	-7	78
85	-7	78
86	-6	76
87	-5	74
87	-5	74
87	-5	74
87	-5	74
87	-5	74
87	-5	75
87	-5	75
87	-5	75
87	-5	75
87	-5	76
87	-5	76
87	-5	76
86	-6	77
86	-6	78
86	-6	78
86	-6	78
86	-6	78
86	-6	78
86	-6	78
86	-6	78
86	-6	78
86	-6	78
86	-6	78
86	-6	78
85	-6	79
85	-7	81
84	-7	81
85	-7	82
85	-7	82
85	-8	82
85	-8	82
85	-8	83
85	-8	83
85	-8	82
85	-7	81
85	-7	81
85	-7	81
85	-7	80
86	-6	79
86	-6	79
86	-6	78
86	-6	77
86	-6	76
86	-5	74
86	-6	72
87	-6	71
87	-6	69
87	-5	68
87	-5	67
87	-5	66
88	-4	68
89	-4	69
88	-3	69
88	-3	69
87	-3	69
87	-3	70
86	-4	71
85	-4	72
85	-5	74
84	-4	75
84	-5	77
84	-6	78
83	-5	78
83	-4	78
83	-4	78
83	-3	77
83	-4	77
83	-3	76
83	-2	76
83	-1	76
83	-1	76
82	0	76
80	0	75
78	1	76
76	1	75
76	2	74
76	5	74
83	-5	80
83	-5	81
83	-5	81
83	-5	81
83	-5	82
83	-5	81
83	-5	81
83	-5	80
83	-4	79
84	-5	78
84	-5	77
84	-6	77
85	-6	77
85	-6	78
85	-6	78
85	-7	78
86	-6	76
87	-5	74
87	-5	74
87	-5	74
87	-5	74
87	-5	74
87	-5	75
87	-5	75
87	-5	75
87	-5	76
87	-5	76
87	-5	76
87	-5	76
86	-6	77
86	-6	78
86	-6	78
86	-6	78
86	-6	78
86	-6	78
86	-6	78
86	-6	78
86	-6	78
86	-6	78
86	-6	78
86	-6	78
85	-6	78
85	-6	80
84	-7	80
85	-7	81
85	-7	81
85	-8	82
85	-8	82
85	-8	82
85	-7	82
85	-7	81
85	-7	81
85	-7	80
85	-7	80
85	-6	79
86	-5	78
86	-6	77
86	-6	77
86	-6	76
86	-5	75
87	-5	73
87	-5	71
87	-5	70
87	-5	68
87	-5	66
87	-4	65
87	-4	65
88	-4	67
88	-3	68
88	-3	68
88	-3	68
87	-2	67
87	-3	69
86	-3	70
85	-4	71
85	-4	72
84	-4	74
84	-5	76
84	-5	77
83	-5	78
83	-4	78
83	-4	78
83	-3	77
83	-3	77
83	-3	76
83	-2	76
83	-2	76
83	-1	76
82	0	76
80	0	76
78	1	76
76	1	75
76	2	74
77	5	74
83	-5	80
83	-5	81
83	-5	81
83	-5	81
83	-5	81
83	-5	81
83	-5	81
83	-4	80
84	-5	79
84	-5	78
84	-6	77
85	-5	77
85	-6	77
85	-6	77
85	-6	77
85	-7	77
86	-6	76
87	-5	74
87	-5	74
87	-5	74
87	-5	74
87	-5	74
87	-5	75
87	-5	75
87	-5	75
87	-5	76
87	-5	76
87	-5	76
87	-5	76
86	-6	77
86	-6	78
86	-6	78
86	-6	78
86	-6	78
86	-6	78
86	-6	78
86	-6	78
86	-6	78
86	-6	78
86	-6	78
86	-6	78
86	-6	78
85	-6	79
85	-6	79
85	-7	79
85	-7	80
85	-7	81
85	-7	81
85	-7	81
85	-7	80
85	-7	80
85	-6	79
85	-6	79
85	-6	78
85	-6	77
86	-5	75
86	-5	75
86	-5	75
86	-5	74
87	-5	72
87	-5	70
87	-4	69
87	-5	67
87	-5	65
87	-4	64
87	-4	63
87	-4	63
87	-3	64
88	-2	65
88	-2	65
87	-2	65
87	-2	66
87	-3	66
86	-3	67
85	-3	68
85	-3	71
85	-4	72
84	-5	74
84	-5	75
84	-5	76
83	-4	77
83	-3	77
83	-3	77
83	-3	77
83	-3	77
83	-3	77
83	-2	77
83	-1	77
82	-1	77
80	0	76
78	1	76
77	1	75
76	2	74
77	4	73
83	-5	80
83	-5	81
83	-5	81
83	-5	81
83	-5	81
83	-5	81
83	-5	80
83	-4	79
84	-4	78
84	-5	78
84	-5	77
85	-6	76
85	-6	76
85	-6	76
85	-6	77
85	-6	77
86	-5	76
87	-5	74
87	-5	74
87	-5	74
87	-5	74
86	-5	74
86	-5	75
86	-5	75
87	-5	75
86	-5	75
86	-5	76
86	-5	76
86	-5	76
86	-6	77
86	-6	77
86	-6	77
86	-6	77
86	-6	77
86	-6	77
86	-6	77
86	-6	77
86	-6	77
86	-6	77
86	-6	77
86	-6	77
86	-6	77
85	-6	78
85	-6	78
85	-6	78
85	-6	79
85	-7	79
85	-6	80
85	-6	79
85	-6	79
85	-6	78
85	-6	77
85	-6	77
85	-5	76
85	-5	75
86	-4	73
86	-4	73
86	-4	72
86	-4	71
86	-4	69
87	-3	68
86	-4	66
87	-4	65
87	-3	63
87	-3	62
87	-3	61
87	-3	60
88	-2	62
88	-2	63
88	-2	63
87	-2	63
87	-1	63
87	-2	64
86	-2	65
85	-3	67
85	-3	68
85	-4	70
85	-5	72
84	-5	73
84	-5	74
83	-4	76
83	-3	76
83	-3	76
83	-3	77
83	-3	77
83	-3	77
83	-2	77
83	-1	78
82	-2	77
80	0	76
79	0	76
77	1	75
77	2	75
77	4	73
83	-5	80
83	-5	81
83	-5	81
83	-5	81
83	-5	81
84	-5	81
84	-5	81
84	-5	79
84	-4	78
84	-4	77
85	-5	77
85	-5	76
85	-5	76
85	-6	76
85	-6	76
85	-6	76
86	-5	75
87	-5	74
87	-5	74
87	-5	74
87	-5	74
86	-5	74
86	-5	75
86	-5	75
87	-5	75
86	-5	75
86	-5	76
86	-5	76
86	-5	76
86	-5	76
86	-6	77
86	-6	77
86	-6	77
86	-6	77
86	-6	77
86	-6	77
86	-6	77
86	-6	77
86	-6	77
86	-6	77
86	-6	77
86	-6	77
85	-5	76
85	-5	77
85	-6	77
85	-6	77
85	-6	78
85	-6	78
85	-6	77
85	-5	77
85	-5	76
85	-5	75
85	-4	74
85	-4	74
86	-4	72
86	-3	70
86	-3	70
86	-3	69
86	-3	68
87	-3	67
87	-3	66
87	-3	64
87	-3	62
87	-3	60
87	-2	59
87	-2	59
87	-2	58
88	-2	60
88	-1	61
88	-1	61
87	-1	61
87	-1	61
87	-1	62
86	-1	63
86	-2	65
85	-2	66
85	-3	68
85	-4	70
85	-4	71
85	-5	72
84	-3	74
83	-2	76
83	-3	76
83	-3	77
83	-3	77
83	-3	77
83	-2	78
83	-2	78
82	-2	77
81	-1	77
79	0	76
78	1	76
77	1	75
77	3	73
83	-5	80
83	-5	81
83	-5	81
83	-5	81
84	-5	81
84	-5	81
84	-5	80
84	-4	79
84	-4	78
84	-4	77
85	-5	76
85	-5	75
85	-5	75
85	-5	75
85	-6	76
86	-6	76
86	-5	75
87	-5	74
87	-5	74
86	-5	74
86	-5	74
86	-5	74
86	-5	75
86	-5	75
86	-5	75
86	-5	75
86	-5	76
86	-5	76
86	-5	76
86	-5	76
86	-5	76
86	-5	76
86	-5	76
86	-5	76
86	-5	76
86	-5	76
86	-5	76
86	-5	76
86	-5	76
86	-5	76
86	-5	76
86	-5	76
85	-5	76
85	-5	76
85	-5	76
85	-5	76
85	-5	76
85	-5	77
85	-5	76
85	-5	75
85	-4	74
85	-4	73
85	-4	72
85	-3	71
85	-2	69
86	-2	68
86	-2	67
86	-2	67
86	-3	66
86	-2	65
86	-2	63
87	-2	62
87	-2	60
87	-2	59
87	-2	58
87	-1	57
87	-1	56
87	-1	58
88	-1	59
87	-1	59
87	-1	59
87	-1	59
87	-1	59
86	-2	61
86	-2	62
85	-3	64
85	-3	66
85	-4	68
85	-5	70
85	-4	71
84	-3	74
83	-2	75
83	-3	76
83	-3	77
83	-3	78
83	-3	78
83	-3	78
83	-2	78
82	-2	78
81	-1	77
79	0	77
78	0	76
77	1	75
76	2	72
83	-5	80
83	-5	81
83	-5	81
83	-5	81
84	-5	81
84	-4	80
84	-4	79
84	-4	79
84	-4	77
85	-4	76
85	-5	75
85	-5	75
85	-5	75
85	-5	75
86	-5	75
86	-6	76
86	-5	75
86	-5	74
86	-5	74
86	-5	74
86	-5	74
86	-4	74
86	-4	74
86	-5	75
86	-5	75
86	-5	75
86	-5	75
86	-5	76
86	-5	76
86	-5	75
86	-5	76
86	-5	76
86	-5	76
86	-5	76
86	-5	76
86	-5	76
86	-5	76
86	-5	76
86	-5	76
86	-5	76
86	-5	76
86	-5	75
85	-4	75
85	-4	75
86	-5	75
86	-5	75
86	-5	75
86	-5	75
86	-5	75
86	-4	73
86	-4	72
85	-3	71
85	-3	70
85	-2	69
86	-2	67
86	-2	66
86	-1	65
86	-1	64
86	-2	63
87	-1	63
87	-1	61
87	-1	60
87	-1	58
87	-2	57
87	-2	56
87	-1	56
87	-1	55
87	-1	57
87	-1	57
87	-1	57
87	-1	57
87	-1	58
87	-1	58
87	-2	59
86	-2	61
86	-3	63
86	-3	65
86	-4	67
86	-5	68
86	-5	69
85	-3	73
84	-3	75
83	-3	76
83	-3	77
83	-3	78
83	-3	79
83	-3	79
83	-2	79
82	-2	78
81	-1	78
80	0	77
78	0	76
77	1	75
76	1	72
83	-5	80
83	-5	81
83	-5	81
83	-5	81
84	-5	80
84	-4	80
84	-4	79
84	-4	78
84	-4	77
85	-4	76
85	-4	75
85	-4	74
85	-5	75
86	-5	74
86	-6	75
86	-6	75
86	-5	75
86	-5	74
86	-5	74
86	-5	74
86	-5	74
86	-4	74
86	-5	75
86	-5	75
86	-5	75
86	-5	75
86	-5	76
86	-5	76
86	-5	76
86	-5	75
86	-5	76
86	-5	76
86	-5	76
86	-5	76
86	-5	76
86	-5	76
86	-5	76
86	-5	76
86	-5	76
86	-5	76
86	-5	76
86	-5	75
86	-5	74
85	-4	74
86	-5	74
86	-4	74
86	-4	74
86	-4	74
86	-4	73
86	-4	72
86	-4	71
86	-3	69
85	-2	68
85	-2	67
86	-2	66
86	-1	64
86	-1	63
87	-1	63
87	-1	62
87	0	61
87	-1	60
87	-1	58
87	-1	57
87	-2	56
87	-1	56
88	-1	55
88	-1	54
88	-2	56
87	-1	57
87	-1	57
87	-1	56
87	-1	56
87	-1	57
87	-2	58
87	-3	60
87	-3	62
86	-4	64
87	-5	66
87	-5	67
86	-5	69
85	-3	72
84	-3	75
83	-2	75
83	-3	77
83	-3	78
83	-3	79
83	-3	80
82	-2	80
82	-2	79
81	-2	79
80	0	77
79	0	77
78	0	76
76	0	73
83	-5	80
83	-5	81
83	-5	81
83	-5	81
84	-4	80
84	-4	79
84	-4	79
84	-4	78
84	-4	77
85	-4	75
85	-4	74
85	-4	74
85	-4	74
86	-5	74
86	-5	74
86	-5	74
86	-5	74
86	-5	74
86	-5	74
86	-4	74
86	-4	74
86	-4	74
86	-5	75
86	-5	75
86	-5	75
86	-5	75
86	-5	76
86	-5	76
86	-5	76
86	-5	75
86	-5	75
86	-5	75
86	-5	75
86	-5	75
86	-5	75
86	-5	75
86	-5	75
86	-5	75
86	-5	75
86	-5	75
86	-5	75
86	-5	75
86	-5	74
86	-5	74
86	-5	74
86	-5	74
86	-5	74
86	-5	74
86	-4	73
86	-4	72
86	-3	70
86	-3	68
86	-2	67
86	-2	66
86	-1	64
86	-1	62
86	0	62
87	-1	61
87	0	61
87	0	60
87	0	59
87	-1	58
87	-1	56
87	-1	56
88	-1	55
88	-1	54
88	-1	54
88	-1	56
87	-1	57
87	-1	57
87	-1	56
87	-2	56
87	-2	57
87	-2	58
87	-3	60
87	-3	61
87	-4	64
87	-4	65
87	-5	67
87	-5	68
85	-3	72
84	-2	74
83	-3	75
83	-3	77
83	-4	78
82	-4	79
83	-3	80
82	-2	80
82	-2	80
81	-2	79
80	0	78
79	0	77
78	0	76
76	-1	73
83	-5	80
83	-5	81
83	-5	81
83	-5	81
84	-5	80
84	-4	79
84	-4	78
84	-4	77
84	-3	76
85	-4	75
85	-4	74
85	-4	74
86	-4	74
86	-5	74
86	-5	75
86	-5	75
86	-5	74
86	-5	74
86	-5	74
86	-4	74
86	-4	74
86	-4	74
86	-5	74
86	-5	75
86	-5	75
86	-5	75
86	-5	76
86	-5	76
86	-5	76
86	-5	75
86	-5	74
86	-5	74
86	-5	74
86	-5	74
86	-5	74
86	-5	74
86	-5	74
86	-5	74
86	-5	74
86	-5	74
86	-5	74
86	-5	74
86	-5	74
87	-5	74
87	-5	74
87	-5	74
87	-5	74
87	-5	74
87	-4	73
87	-3	71
87	-3	70
86	-2	68
86	-2	66
87	-2	65
86	-1	63
86	0	61
86	0	61
87	0	61
87	0	60
87	0	59
87	-1	59
87	0	57
87	-1	56
88	-1	55
88	-1	54
88	-1	54
88	-1	54
88	-1	55
87	-1	56
87	-1	56
87	-1	56
87	-1	56
87	-1	57
87	-2	58
87	-3	60
87	-3	62
87	-4	64
87	-4	65
87	-5	67
87	-5	68
85	-3	71
85	-2	73
84	-3	75
83	-3	77
83	-4	78
82	-4	80
83	-3	80
82	-3	80
82	-2	80
81	-2	79
80	0	78
79	0	77
78	-1	76
77	-2	74
83	-5	80
83	-5	81
83	-5	81
84	-5	81
84	-4	80
84	-4	79
84	-4	78
84	-4	77
84	-3	76
85	-3	75
85	-4	74
85	-4	74
86	-4	74
86	-5	74
86	-5	74
86	-5	74
86	-5	74
86	-5	74
86	-5	74
86	-4	74
86	-4	74
86	-4	74
86	-5	74
86	-5	75
86	-5	75
86	-5	75
86	-5	76
86	-5	76
86	-5	76
86	-5	75
86	-5	74
86	-5	74
86	-5	74
86	-5	74
86	-5	74
86	-5	74
86	-5	74
86	-5	74
86	-5	74
86	-5	74
86	-5	74
86	-5	74
86	-5	74
87	-5	74
87	-5	74
87	-5	74
87	-5	74
87	-4	73
87	-4	72
87	-4	71
87	-3	69
86	-2	67
87	-2	65
87	-1	64
86	0	62
86	0	60
86	0	60
87	0	60
87	0	60
87	0	59
87	-1	58
87	-1	57
88	-1	56
88	-1	55
88	-1	55
88	-1	54
88	-1	54
88	-1	55
87	-1	56
87	-1	56
87	-1	56
87	-1	56
87	-1	57
87	-2	58
87	-3	59
87	-3	62
87	-4	64
87	-4	65
87	-5	67
87	-5	68
85	-3	70
85	-2	73
84	-2	75
83	-3	77
83	-4	78
82	-4	80
83	-3	80
82	-3	80
82	-2	80
81	-2	80
80	0	78
80	-1	77
79	-1	76
78	-3	75
82	-5	80
83	-5	81
83	-5	81
83	-4	81
84	-4	80
84	-4	79
84	-3	78
84	-3	77
84	-3	75
85	-3	74
85	-3	73
85	-3	72
85	-3	72
86	-4	73
86	-4	74
87	-5	74
86	-4	74
86	-4	73
86	-4	73
86	-4	74
86	-4	74
86	-4	74
86	-4	74
86	-4	75
85	-5	75
85	-4	75
85	-5	76
86	-5	76
86	-5	76
86	-4	75
86	-4	74
86	-4	74
86	-4	74
86	-4	74
86	-4	74
86	-4	74
86	-4	74
86	-4	74
86	-4	74
86	-4	74
86	-4	74
86	-4	74
86	-5	75
87	-5	75
87	-5	75
87	-5	74
87	-5	74
87	-4	73
87	-4	72
87	-3	71
87	-3	69
86	-2	67
87	-2	65
87	-2	65
87	-1	63
87	-1	61
87	-1	61
87	-1	61
87	-1	60
87	-1	59
87	-1	58
87	-1	57
88	-1	57
88	-1	56
88	-1	55
88	-1	55
88	-1	55
88	-1	56
87	-1	57
87	-1	57
87	-1	57
87	-2	56
87	-2	57
87	-2	58
87	-2	59
87	-3	61
87	-3	63
87	-4	64
88	-4	65
88	-5	67
86	-3	69
85	-2	71
85	-3	73
84	-4	76
83	-4	78
83	-4	80
83	-4	80
83	-3	81
82	-3	80
81	-2	80
80	-1	79
80	-1	78
80	-1	77
79	-3	76
81	-4	79
81	-4	80
81	-4	80
82	-4	81
83	-3	81
83	-3	80
83	-3	78
83	-3	76
83	-2	74
84	-1	71
84	-1	70
85	-1	69
85	-2	70
86	-2	71
86	-3	73
87	-4	74
87	-3	73
86	-2	72
86	-3	72
86	-3	73
86	-3	73
86	-3	74
86	-3	74
86	-3	74
86	-4	75
86	-4	76
86	-4	76
86	-4	77
86	-4	77
86	-4	75
87	-4	75
87	-4	75
87	-4	75
87	-4	75
87	-4	75
87	-4	75
87	-4	75
87	-4	75
87	-4	75
87	-4	75
87	-4	75
87	-4	75
87	-5	76
87	-5	76
87	-5	75
87	-5	74
87	-4	73
87	-4	72
87	-4	71
87	-3	70
87	-3	68
87	-2	67
87	-2	66
87	-2	66
87	-2	64
87	-3	61
87	-3	61
87	-3	61
87	-3	61
87	-3	60
87	-3	60
87	-2	59
87	-2	57
88	-2	57
87	-1	57
87	-1	56
87	-1	56
88	-1	57
88	-2	59
88	-2	58
88	-2	57
88	-2	57
88	-2	57
88	-2	57
88	-2	58
87	-3	59
87	-3	61
87	-3	62
88	-4	63
88	-4	64
86	-3	66
85	-3	68
85	-4	71
85	-5	74
85	-5	77
84	-5	79
84	-5	81
83	-4	81
82	-4	81
81	-3	81
81	-2	80
80	-2	79
80	-2	78
80	-4	77
81	-4	79
81	-4	80
81	-4	80
82	-4	80
83	-3	81
83	-3	80
83	-3	78
83	-3	76
83	-2	74
84	-1	71
84	-1	70
84	-1	70
85	-2	70
85	-2	72
86	-3	73
87	-5	74
86	-3	73
86	-2	72
86	-3	72
86	-3	73
86	-3	73
86	-3	74
86	-3	74
86	-3	74
86	-4	75
86	-4	76
86	-4	76
86	-4	76
86	-4	77
86	-4	75
87	-4	75
87	-4	75
87	-4	75
87	-4	75
87	-4	75
87	-4	75
87	-4	75
87	-4	75
87	-4	75
87	-4	75
87	-4	75
87	-4	75
87	-5	76
87	-5	76
87	-5	75
87	-5	75
87	-5	74
87	-4	72
87	-3	71
87	-3	70
87	-3	68
87	-2	67
87	-2	66
87	-2	66
87	-2	64
87	-3	62
87	-3	61
87	-3	61
87	-3	60
87	-3	60
87	-3	60
87	-2	59
87	-2	58
88	-2	57
87	-1	57
87	-1	56
87	-1	56
88	-1	57
88	-2	58
88	-2	58
88	-2	57
87	-1	57
87	-1	56
87	-2	56
87	-1	57
87	-2	58
87	-2	59
87	-3	61
87	-3	62
87	-3	63
86	-3	66
85	-3	68
85	-3	70
85	-5	73
85	-5	76
84	-5	79
84	-5	80
83	-4	81
82	-4	81
82	-2	80
81	-2	80
80	-1	79
80	-2	78
80	-4	77
81	-4	79
81	-4	80
81	-4	80
82	-4	80
83	-3	81
83	-3	79
83	-3	78
83	-2	76
83	-1	74
83	-2	72
84	-1	71
84	-1	71
85	-2	71
85	-2	72
86	-3	73
86	-4	74
86	-3	73
86	-2	72
86	-3	72
85	-2	72
85	-2	73
85	-3	73
86	-3	74
86	-3	74
86	-4	75
86	-4	76
86	-4	76
86	-4	76
86	-4	76
86	-4	75
87	-4	75
87	-4	75
87	-4	75
87	-4	75
87	-4	75
87	-4	75
87	-4	75
87	-4	75
87	-4	75
87	-4	75
87	-4	75
87	-4	75
86	-5	76
86	-5	76
86	-5	75
86	-5	74
86	-4	73
86	-4	72
86	-4	71
86	-3	70
86	-2	68
86	-2	67
86	-2	66
87	-2	66
87	-2	64
87	-3	62
87	-3	62
87	-3	61
87	-3	61
87	-3	60
87	-3	60
87	-2	59
87	-2	58
87	-2	57
87	-2	56
87	-1	56
87	-1	56
88	-2	57
88	-2	57
88	-2	56
87	-1	56
87	-1	55
87	-1	55
87	-1	55
87	-1	56
87	-1	57
87	-2	58
87	-3	59
87	-3	60
87	-3	62
86	-2	65
86	-3	67
86	-4	69
85	-4	73
85	-5	76
84	-5	78
84	-4	79
83	-4	81
83	-3	81
82	-2	80
81	-2	80
81	-2	79
80	-2	78
80	-3	77
81	-4	79
81	-4	80
81	-4	80
82	-3	80
83	-3	80
83	-3	79
83	-3	78
83	-3	76
83	-2	75
83	-2	73
84	-1	71
84	-1	71
85	-2	71
85	-2	72
86	-3	73
86	-4	73
86	-3	72
86	-2	72
86	-2	72
85	-2	72
85	-3	73
85	-2	73
86	-3	74
86	-3	74
86	-4	75
86	-4	76
86	-4	76
86	-4	76
86	-4	76
86	-4	76
87	-4	75
87	-4	75
87	-4	75
87	-4	75
87	-4	75
87	-4	75
87	-4	75
87	-4	75
87	-4	75
87	-4	75
87	-4	75
86	-4	75
86	-5	76
86	-5	76
86	-5	76
86	-5	75
86	-4	74
86	-4	73
86	-4	71
86	-3	70
86	-3	69
86	-2	68
86	-2	67
86	-2	67
86	-2	65
87	-3	62
87	-3	62
87	-3	62
87	-3	61
87	-3	60
87	-3	60
87	-2	59
87	-2	59
87	-2	58
87	-2	57
87	-1	57
87	-1	56
87	-1	57
87	-1	56
87	-1	56
87	-1	55
87	0	54
87	0	54
87	-1	54
87	-1	55
87	-1	56
87	-2	57
87	-2	58
87	-2	59
87	-2	60
86	-2	64
86	-3	66
86	-3	68
85	-4	71
85	-4	74
85	-4	77
84	-4	79
83	-4	80
83	-3	80
82	-2	80
81	-2	80
81	-1	79
80	-2	79
80	-3	77
81	-3	79
81	-4	80
81	-4	80
82	-4	80
82	-2	80
83	-3	79
83	-3	78
83	-2	77
83	-2	75
83	-2	74
84	-2	72
84	-2	71
85	-2	71
85	-2	72
86	-3	73
86	-4	73
86	-3	72
86	-2	71
86	-2	71
85	-2	72
85	-2	72
85	-3	73
86	-3	74
86	-3	74
86	-4	74
86	-4	75
86	-4	76
86	-4	76
86	-4	76
86	-4	76
86	-4	76
86	-4	76
86	-4	76
86	-4	76
86	-4	76
86	-4	76
86	-4	76
86	-4	76
86	-4	76
86	-4	76
86	-4	76
86	-4	76
86	-5	76
86	-5	76
86	-5	76
86	-5	75
86	-4	74
86	-4	73
86	-4	72
86	-3	70
86	-3	69
86	-2	68
86	-2	67
86	-2	67
86	-2	65
87	-3	63
87	-3	63
87	-3	62
87	-3	62
87	-3	61
87	-2	60
87	-2	60
87	-2	59
87	-1	57
87	-1	57
87	-1	57
87	-1	57
87	-1	56
87	-1	56
87	-1	55
87	-1	54
87	0	54
87	0	53
87	0	53
87	0	53
87	-1	54
87	-1	55
87	-1	56
87	-1	58
87	-2	59
86	-2	62
86	-2	64
86	-3	67
85	-3	70
85	-4	73
85	-4	76
84	-4	77
83	-3	79
83	-3	79
82	-2	80
81	-1	80
81	-1	80
81	-2	79
80	-3	78
81	-3	79
81	-4	80
81	-4	80
81	-3	80
82	-2	80
82	-3	79
82	-3	78
82	-2	77
83	-2	75
83	-2	75
84	-2	73
84	-2	72
85	-3	72
85	-2	72
85	-3	72
86	-3	72
86	-3	71
86	-2	71
86	-2	71
85	-2	71
85	-2	72
85	-3	73
85	-3	73
85	-3	74
86	-4	74
86	-4	75
86	-4	75
86	-4	76
86	-4	76
86	-4	76
86	-4	76
86	-4	76
86	-4	76
86	-4	76
86	-4	76
86	-4	76
86	-4	76
86	-4	76
86	-4	76
86	-4	76
86	-4	76
86	-4	76
86	-5	76
86	-5	76
86	-5	76
86	-5	75
86	-4	74
86	-4	73
86	-4	72
86	-3	70
86	-3	69
86	-2	68
86	-2	67
86	-2	67
86	-2	65
86	-2	63
86	-2	63
87	-3	62
87	-2	61
87	-2	61
87	-2	60
87	-1	60
87	-1	59
87	-1	58
87	-1	57
87	0	57
87	0	57
87	-1	56
87	-1	55
87	-1	54
87	-1	54
87	0	53
87	0	52
87	0	52
87	0	52
87	0	53
87	-1	53
87	-1	55
87	-2	56
87	-2	57
86	-1	60
86	-2	63
86	-2	65
85	-3	68
85	-3	71
85	-3	74
84	-3	76
83	-3	78
83	-2	79
82	-2	79
82	-1	80
81	-1	79
81	-2	79
80	-2	78
81	-3	79
81	-4	79
81	-4	79
81	-3	80
82	-3	80
82	-3	79
82	-3	78
82	-3	77
83	-2	76
83	-2	75
83	-2	74
84	-2	73
85	-3	73
85	-2	72
85	-2	72
86	-4	72
85	-3	71
86	-2	71
86	-2	71
85	-2	71
85	-2	72
85	-2	72
85	-3	73
85	-3	73
86	-4	74
86	-4	75
86	-4	75
86	-4	76
86	-4	76
86	-4	76
86	-4	77
86	-4	77
86	-4	77
86	-4	77
86	-4	77
86	-4	77
86	-4	77
86	-4	77
86	-4	77
86	-4	77
86	-4	77
86	-5	77
86	-6	77
86	-6	77
86	-5	76
86	-5	75
86	-5	74
86	-4	74
86	-4	72
86	-4	71
86	-3	70
86	-3	69
86	-2	68
86	-2	67
86	-2	66
86	-2	64
86	-2	63
86	-2	63
86	-2	62
87	-1	61
87	-1	61
87	-1	60
87	-1	59
87	-1	59
87	0	58
87	-1	58
87	-1	58
87	-1	57
87	-1	56
87	-1	55
87	0	54
87	0	53
87	0	52
87	0	52
87	0	52
87	0	52
87	-1	53
87	-1	54
87	-1	55
87	-1	56
86	-1	59
86	-1	62
86	-2	64
85	-2	66
85	-2	69
85	-3	73
84	-3	75
83	-2	76
83	-2	78
83	-2	79
82	-1	79
81	-1	79
81	-1	79
81	-2	79
80	-3	79
81	-3	79
81	-4	79
81	-4	80
82	-2	79
82	-3	79
82	-3	78
82	-3	78
83	-3	77
83	-2	76
83	-2	75
84	-2	74
85	-3	74
85	-3	73
85	-3	72
85	-4	72
85	-3	71
86	-2	71
86	-2	71
85	-2	71
85	-2	72
85	-2	72
85	-2	72
85	-2	73
85	-3	74
85	-3	74
85	-3	75
86	-4	75
86	-4	75
85	-4	76
85	-4	77
85	-4	77
85	-4	77
85	-4	77
85	-4	77
85	-4	77
85	-4	77
85	-4	77
85	-4	77
85	-4	77
85	-4	77
85	-4	77
85	-5	77
85	-5	77
85	-5	76
85	-5	76
85	-5	75
85	-4	74
86	-4	72
86	-4	71
86	-3	70
86	-3	69
85	-2	68
85	-2	67
86	-2	66
86	-2	64
86	-2	64
86	-2	63
86	-2	63
87	-1	62
87	-1	61
87	0	60
87	-1	60
87	0	59
87	0	58
87	0	58
87	0	58
87	-1	57
87	-1	57
87	-1	56
87	0	54
87	-1	53
87	0	52
87	0	52
87	0	52
86	0	52
86	0	53
86	0	54
86	0	55
87	-1	55
87	-1	58
87	-1	60
86	-2	62
86	-2	65
85	-2	67
85	-2	71
84	-2	73
83	-2	75
83	-2	77
83	-1	78
82	-1	79
82	-1	79
81	-1	79
81	-2	79
80	-3	78
81	-3	79
81	-3	79
81	-3	79
82	-2	79
81	-3	79
82	-3	79
82	-3	78
83	-3	77
83	-3	76
83	-2	75
84	-3	75
84	-3	74
85	-2	73
85	-3	72
85	-3	72
85	-3	71
86	-2	70
86	-2	70
85	-2	71
85	-2	71
85	-2	72
85	-2	72
85	-2	73
85	-3	74
85	-3	74
85	-3	74
85	-3	74
86	-4	74
85	-4	77
85	-4	78
85	-4	78
85	-4	78
85	-4	78
85	-4	78
85	-4	78
85	-4	78
85	-4	78
85	-4	78
85	-4	78
85	-4	78
85	-5	78
85	-6	77
85	-6	77
85	-6	77
85	-5	76
85	-5	75
85	-4	74
85	-4	72
85	-3	71
85	-3	70
85	-3	70
85	-2	69
85	-2	68
86	-2	66
86	-1	64
86	-1	64
86	-2	64
86	-2	63
87	-1	63
87	-1	61
87	-1	60
87	0	60
87	0	60
87	0	59
87	0	59
87	0	58
87	-1	58
87	-2	57
87	-2	56
87	-1	55
87	-1	54
87	0	53
86	0	52
86	0	52
86	0	52
86	0	53
86	0	53
86	0	54
87	-1	55
87	0	57
87	0	58
87	-1	60
86	-1	63
86	-2	66
85	-1	68
84	-1	71
84	-1	74
83	-1	76
83	-1	77
82	-1	78
82	-1	79
82	-2	79
81	-2	79
80	-3	78
81	-3	79
81	-3	79
81	-3	79
81	-2	79
81	-3	79
82	-3	79
82	-3	78
83	-3	77
83	-3	77
83	-3	76
84	-3	75
84	-3	74
85	-3	73
85	-2	72
85	-4	72
85	-3	71
86	-2	70
86	-2	70
85	-2	71
85	-2	71
85	-2	72
85	-2	72
85	-3	73
85	-3	73
85	-3	74
85	-3	74
85	-3	74
86	-4	74
85	-4	77
85	-4	78
85	-4	78
85	-4	78
85	-4	78
85	-4	78
85	-4	78
85	-4	78
85	-4	78
85	-4	78
85	-4	78
85	-4	78
85	-5	78
85	-6	78
85	-6	77
85	-6	77
85	-6	76
85	-5	75
85	-4	74
85	-4	73
85	-4	72
85	-3	71
85	-3	70
85	-2	69
85	-2	68
85	-2	67
86	-1	65
86	-1	64
86	-1	64
86	-1	63
86	-1	63
87	-1	62
87	-1	61
87	0	61
87	0	60
87	0	59
87	1	59
87	0	59
87	-1	59
87	-2	59
87	-2	58
87	-1	57
87	-1	56
87	0	54
86	0	53
86	0	52
86	0	53
86	0	53
86	0	54
86	0	55
87	-1	55
87	0	57
87	0	58
87	-1	59
86	-1	61
86	-1	64
85	-1	67
84	-1	70
84	-1	73
83	-1	75
83	-1	77
82	-1	78
82	-1	79
82	-1	80
81	-2	80
80	-3	78
80	-3	79
81	-3	79
81	-3	79
81	-2	78
81	-2	79
81	-3	78
82	-3	78
83	-3	78
83	-3	77
83	-3	76
84	-3	76
84	-3	74
85	-3	73
85	-3	72
85	-3	71
85	-3	70
86	-2	70
86	-2	70
85	-2	70
85	-2	71
85	-2	71
85	-2	72
85	-2	72
85	-3	73
85	-3	74
85	-3	74
85	-3	74
86	-4	74
85	-4	77
85	-5	78
85	-5	78
85	-5	78
85	-5	78
85	-5	78
85	-5	78
85	-5	78
85	-5	78
85	-5	78
85	-5	78
85	-5	78
85	-5	78
85	-5	77
85	-6	77
85	-5	77
85	-5	76
85	-5	75
85	-5	74
85	-4	73
85	-4	72
85	-4	71
85	-3	70
85	-3	69
85	-3	68
85	-2	67
86	-1	65
86	-1	64
86	-1	64
86	-1	64
86	-1	63
87	-1	62
87	-1	61
87	0	61
87	0	60
87	0	59
87	1	59
87	1	59
87	-1	59
87	-3	60
87	-2	59
87	-1	58
87	-1	56
87	0	54
86	0	53
86	0	53
86	0	53
86	0	54
86	0	55
86	-1	55
86	-1	55
87	0	56
87	1	57
87	0	58
86	0	60
86	-1	63
85	-1	66
85	-1	69
84	0	72
83	-1	74
83	-1	77
83	-1	78
83	-1	79
82	-1	80
81	-2	80
80	-3	78
80	-3	78
81	-3	79
81	-3	79
81	-2	79
81	-3	79
81	-3	79
82	-3	78
82	-3	78
83	-4	78
83	-3	77
84	-3	76
84	-3	74
85	-3	73
85	-3	72
85	-3	71
85	-3	70
86	-2	70
86	-2	70
85	-2	70
85	-2	71
85	-2	71
85	-2	72
85	-2	72
85	-3	73
85	-3	74
85	-3	74
85	-3	74
86	-4	74
85	-5	77
85	-5	78
85	-5	78
85	-5	78
85	-5	78
85	-5	78
85	-5	78
85	-5	78
85	-5	78
85	-5	78
85	-5	78
85	-5	78
85	-5	78
85	-6	78
85	-6	77
85	-5	77
85	-5	76
85	-5	75
85	-5	74
85	-4	73
85	-4	72
85	-4	71
85	-3	70
85	-3	70
85	-3	69
85	-2	67
86	-1	65
86	-1	64
86	-1	64
86	-1	64
86	-1	63
87	-1	62
87	-1	61
87	0	61
87	0	60
87	0	60
87	1	59
87	1	59
87	-2	60
87	-3	61
87	-3	60
87	-2	59
87	-1	57
87	-1	56
87	-1	54
86	0	54
86	0	54
86	0	55
86	0	55
86	-1	55
86	-1	55
87	0	56
87	1	56
87	1	57
86	0	59
86	0	62
85	0	65
85	0	68
84	0	71
84	-1	74
83	-1	77
83	-1	78
83	-1	79
82	-1	80
81	-2	80
80	-3	77
80	-2	77
80	-3	78
80	-2	78
81	-1	78
81	-2	78
81	-2	79
82	-2	79
82	-2	79
83	-2	79
83	-2	78
83	-2	77
84	-2	76
84	-2	76
85	-1	74
85	-2	74
85	-2	72
85	-2	70
85	-1	70
86	-2	70
86	-1	70
86	-1	70
86	-2	71
86	-2	71
86	-2	72
86	-2	73
85	-3	74
85	-3	74
85	-3	75
85	-3	76
85	-4	77
85	-4	78
85	-4	78
85	-4	78
85	-4	79
85	-4	79
85	-4	79
85	-4	78
85	-4	78
85	-4	78
85	-4	77
85	-4	77
85	-4	77
85	-4	77
85	-4	76
85	-4	76
85	-4	75
85	-3	74
85	-2	73
85	-3	72
85	-2	71
85	-2	70
85	-2	69
85	-1	68
85	-1	67
86	-1	65
86	-1	64
86	-1	64
86	-1	64
86	0	63
87	0	62
87	0	61
87	0	61
87	0	60
87	1	60
87	1	60
87	1	59
87	0	59
87	-1	60
87	-1	59
87	-1	59
87	-1	58
87	0	57
87	-1	56
87	-1	55
87	-1	55
87	-2	56
87	-1	56
87	-1	56
87	-1	56
86	0	56
86	1	56
86	1	56
86	1	58
86	1	60
85	1	62
85	1	65
84	0	69
84	0	72
83	0	75
83	-1	78
83	-1	79
82	-2	80
81	-1	80
79	-2	77
79	-3	76
79	-3	76
80	-2	77
81	0	78
81	-1	78
81	-1	79
81	-1	79
82	-1	79
83	-1	79
83	-1	79
83	-1	78
84	-1	78
84	-1	77
85	-1	76
85	0	75
85	-1	73
85	-1	71
85	-1	70
86	-1	70
86	-1	69
86	-1	69
86	-1	69
86	-1	70
86	-1	71
86	-2	72
85	-3	74
85	-3	75
85	-3	76
84	-3	76
84	-3	77
84	-3	78
85	-4	78
85	-4	79
85	-4	79
85	-4	79
85	-4	79
85	-4	79
85	-4	78
85	-4	78
84	-3	77
84	-3	77
85	-3	77
85	-4	77
85	-3	76
85	-3	76
85	-3	75
85	-3	74
85	-2	73
85	-1	71
85	-1	70
85	-1	69
85	-1	69
85	-1	68
85	0	67
86	0	65
86	0	65
86	0	64
86	0	64
86	0	63
87	1	62
87	1	61
87	1	61
87	1	60
87	1	60
87	1	60
87	2	59
87	1	59
86	1	58
86	1	58
87	0	58
87	0	58
87	0	58
87	0	57
87	0	56
87	-1	57
87	-1	57
87	-1	56
87	-1	56
87	-1	56
86	0	56
86	1	56
86	1	56
86	1	57
85	1	57
85	1	60
85	1	63
85	1	67
84	1	71
83	0	74
82	0	77
82	-1	79
82	-1	80
81	-1	79
79	-2	76
79	-3	76
79	-3	76
80	-2	77
81	-1	78
81	-1	78
81	-1	79
81	-1	79
82	-1	79
83	-1	79
83	-1	79
83	-1	78
84	-1	78
84	-1	77
85	-1	76
85	0	75
85	-1	73
85	-1	70
85	-1	70
85	-1	69
86	-1	69
86	-1	69
86	-1	69
86	-1	69
86	-1	71
86	-2	72
85	-2	74
85	-2	74
85	-3	75
84	-3	76
84	-3	77
84	-3	78
85	-4	78
85	-4	79
85	-4	79
85	-4	79
85	-4	79
85	-4	79
85	-4	79
85	-4	78
84	-3	77
84	-3	77
85	-4	77
85	-4	77
85	-3	77
85	-3	76
85	-3	75
85	-3	74
85	-2	73
85	-1	71
85	-1	70
85	-1	69
85	-1	69
85	-1	68
85	0	67
86	0	65
86	0	65
86	0	65
86	0	64
86	0	63
87	1	63
87	1	62
87	1	61
87	1	60
87	1	60
87	1	60
87	1	60
87	1	59
86	1	58
86	1	58
87	1	58
87	1	57
87	1	57
86	0	57
87	0	56
87	-1	56
87	-1	56
87	-1	56
87	-1	56
87	-1	55
86	0	57
86	1	57
86	1	56
86	1	57
85	1	57
85	1	60
85	1	63
85	1	66
84	1	70
83	0	74
82	0	77
82	-1	79
82	-1	80
81	-1	79
79	-2	76
79	-2	76
79	-2	76
80	-1	77
80	0	78
81	-1	78
81	-1	79
81	-1	79
82	-1	79
83	-1	79
83	-1	79
83	-1	78
84	-1	78
84	-1	77
84	-1	76
84	0	75
85	-1	72
85	-1	70
85	-1	69
85	-1	69
86	-1	69
86	-1	68
86	-1	69
86	-1	69
86	-1	70
85	-1	72
85	-2	73
85	-2	74
85	-3	75
84	-3	76
84	-3	77
84	-3	78
85	-4	79
85	-4	79
85	-4	79
85	-4	79
85	-4	79
85	-4	79
85	-4	79
85	-4	78
84	-3	78
84	-3	77
85	-4	77
85	-3	77
85	-3	77
85	-3	76
85	-3	75
85	-3	74
85	-2	73
85	-1	72
85	-1	70
85	-1	70
85	-1	69
85	-1	68
85	0	67
86	0	65
86	0	65
86	0	65
86	0	64
86	1	64
86	1	63
87	1	62
87	1	61
87	1	61
87	1	60
87	1	60
87	1	60
86	1	58
86	1	58
86	1	57
86	1	57
86	1	56
86	1	56
86	0	56
87	-1	56
87	-1	55
87	-1	55
87	-1	55
87	0	54
87	0	54
86	0	56
86	1	57
86	1	56
86	1	57
85	1	57
85	1	60
85	1	63
85	1	66
84	1	70
83	0	74
82	0	77
82	-1	78
82	-1	79
81	-1	79
79	-1	76
79	-1	76
79	-2	76
80	-1	77
80	0	78
81	-1	78
81	-1	79
81	-1	79
82	-1	79
83	-1	79
83	-1	79
83	-1	78
84	-1	78
84	-1	77
84	0	76
84	0	75
84	0	72
85	-1	69
85	-1	69
85	-1	68
85	-1	67
86	-1	68
86	-1	68
86	-1	69
85	-1	70
85	-1	71
85	-2	72
85	-2	73
84	-2	74
84	-3	76
84	-4	77
84	-4	78
85	-4	79
85	-4	79
85	-4	79
85	-4	79
85	-4	79
85	-4	79
85	-4	79
85	-4	78
84	-4	77
85	-4	77
85	-4	77
85	-3	77
85	-3	77
85	-3	76
85	-3	75
85	-3	74
85	-2	73
85	-2	72
85	-2	71
85	-1	70
85	-1	69
85	-1	68
85	0	67
86	0	66
86	0	65
86	0	64
86	0	64
86	1	64
86	1	63
86	1	62
87	1	62
87	1	61
87	1	61
87	1	60
87	1	60
86	1	58
86	2	57
86	2	57
86	1	56
86	1	56
86	1	55
86	1	55
86	1	55
87	-1	55
87	-1	54
87	-1	54
87	0	54
86	0	53
86	1	55
86	1	57
86	1	57
86	1	57
85	1	57
85	1	60
85	1	63
85	1	66
84	1	70
83	0	73
83	0	76
82	-1	78
82	-1	79
81	-1	79
78	-1	76
79	-1	76
79	-1	76
79	-1	77
80	-1	78
80	-1	78
81	-1	78
81	-1	79
81	-1	79
82	-1	79
83	-1	79
83	-1	78
84	-1	78
84	-1	77
84	0	76
84	0	75
84	0	72
85	-1	69
85	0	68
85	0	68
85	0	67
85	-1	67
86	0	68
85	-1	68
85	-1	69
85	-1	71
85	-2	72
84	-2	73
84	-2	74
84	-3	76
84	-4	78
84	-4	78
84	-4	79
85	-4	79
85	-4	80
85	-4	80
85	-4	80
85	-4	79
85	-4	79
84	-4	78
84	-4	78
84	-4	77
85	-4	78
85	-3	78
85	-3	77
85	-3	76
85	-3	76
85	-3	75
85	-2	73
85	-2	73
85	-2	71
85	-1	70
85	-1	69
85	-1	69
85	0	68
86	0	66
86	0	66
86	0	65
86	0	65
86	0	64
86	0	63
86	1	63
86	1	62
87	1	61
86	1	61
86	1	60
87	1	60
86	1	58
86	2	57
86	2	57
86	1	56
86	1	56
86	1	55
86	0	55
86	1	54
86	0	54
86	0	54
87	-1	53
87	0	54
86	0	53
86	1	55
86	1	57
86	1	57
86	1	57
85	1	57
85	1	60
85	1	63
85	1	66
84	1	69
83	1	73
83	0	76
82	-1	77
81	-1	79
81	-1	79
78	-1	76
78	0	76
78	0	76
79	-1	76
80	0	78
80	0	78
80	-1	78
81	-1	79
81	-1	79
82	-1	79
82	-1	79
83	-1	78
83	-1	78
83	0	77
83	0	76
84	0	75
84	0	72
84	0	69
85	0	68
85	0	68
85	0	68
85	0	67
85	-1	68
85	-1	68
85	-1	69
85	-1	71
85	-2	72
84	-2	73
84	-2	74
84	-3	76
84	-4	78
84	-4	78
84	-4	79
85	-4	80
85	-5	80
85	-5	80
85	-5	80
85	-4	80
84	-4	79
84	-4	79
84	-4	78
84	-4	78
85	-4	78
85	-4	78
85	-4	77
85	-3	77
85	-3	76
85	-3	75
85	-2	74
85	-1	73
85	-1	71
85	-1	70
85	-1	69
85	-1	69
85	-1	68
85	-1	67
85	-1	66
85	0	65
85	0	65
86	0	65
86	0	64
86	1	63
86	1	62
86	1	61
86	1	61
86	1	61
86	1	60
86	2	58
86	1	56
86	1	56
86	1	56
86	1	56
86	1	56
86	0	55
86	0	55
86	0	54
86	0	54
86	0	54
86	0	53
86	0	53
86	0	56
86	1	57
86	1	57
86	1	57
85	1	57
85	1	59
85	2	62
85	1	65
84	1	69
83	1	73
82	0	76
82	-1	77
81	-1	78
81	-1	79
78	1	76
78	0	76
78	0	76
79	0	76
80	0	77
80	-1	78
80	-1	79
80	-1	79
81	-1	79
82	-1	79
82	-1	79
83	-1	78
83	-1	78
83	-1	77
83	0	76
83	0	75
84	0	72
84	0	69
84	0	69
85	0	68
85	-1	68
85	-1	68
85	-1	68
85	-1	69
85	-1	70
85	-1	71
84	-2	72
84	-2	73
84	-2	74
84	-3	77
84	-4	78
84	-4	78
84	-4	79
85	-4	80
85	-5	80
85	-5	80
85	-5	80
85	-4	80
84	-4	79
84	-4	79
84	-4	78
84	-4	78
84	-4	78
85	-4	78
85	-4	77
85	-4	77
85	-3	76
85	-3	75
85	-3	74
85	-1	73
85	-1	72
85	-1	71
85	-1	70
85	-1	70
85	-1	68
85	-1	67
85	-1	67
85	0	66
85	0	66
85	0	65
86	0	65
86	0	63
86	1	63
86	1	62
86	1	62
86	1	61
86	1	61
86	1	58
86	1	57
86	1	57
86	1	56
86	1	56
86	1	56
86	0	55
86	0	55
86	0	55
86	0	54
86	0	54
86	0	54
86	0	53
86	0	57
86	1	57
86	1	57
86	1	57
85	1	57
85	1	59
85	2	61
84	2	64
83	1	68
83	1	72
82	0	75
82	0	76
81	0	77
81	-1	79
78	1	75
78	1	76
78	0	76
79	0	76
80	0	78
80	0	78
80	-1	78
80	-1	79
81	-1	79
81	-1	79
82	-1	79
82	-1	78
83	-1	78
83	0	77
83	0	76
83	0	75
83	0	72
84	-1	70
84	-1	70
85	-1	69
85	-1	69
85	-1	69
85	-1	69
85	-1	69
85	-1	71
85	-1	72
84	-2	73
84	-2	74
84	-3	75
84	-3	77
84	-4	78
84	-4	79
84	-4	79
84	-4	80
84	-5	80
84	-5	80
84	-5	80
84	-4	80
84	-4	79
84	-4	79
84	-4	78
84	-4	78
84	-4	78
85	-4	78
85	-4	78
85	-4	77
85	-3	76
85	-3	75
85	-2	74
85	-2	73
85	-2	72
85	-1	71
85	-1	70
85	-1	70
85	-1	69
85	-1	67
85	-1	67
85	-1	66
85	-1	66
85	0	65
85	0	65
85	1	64
86	0	63
86	1	63
86	1	62
86	1	62
86	1	61
86	1	59
86	1	58
86	1	58
86	1	58
86	1	57
86	1	56
86	0	56
86	0	56
86	-1	56
86	-1	55
86	-1	55
86	0	55
86	0	55
86	0	57
86	0	58
86	0	58
86	1	57
85	1	57
85	1	59
85	2	61
84	2	64
83	2	68
83	1	71
82	1	74
82	0	76
81	0	77
81	-1	79
78	2	75
78	1	75
78	1	76
79	0	76
79	0	77
80	0	78
80	-1	78
80	-1	79
81	-1	79
81	-1	79
81	-1	78
82	-1	78
83	-1	78
83	0	77
83	0	76
83	0	75
83	0	73
84	-2	71
84	-1	71
84	-1	71
85	-1	70
85	-1	70
85	-1	70
85	-1	70
85	-2	72
85	-2	73
84	-2	74
84	-3	75
84	-3	75
84	-3	77
84	-4	79
84	-4	79
84	-4	79
84	-5	80
84	-5	80
84	-5	81
84	-5	80
84	-5	80
84	-4	79
84	-4	79
84	-4	79
84	-4	78
84	-4	78
85	-4	79
85	-4	78
85	-4	77
84	-3	76
84	-3	76
85	-3	75
85	-2	74
85	-2	72
85	-1	71
85	-1	70
85	-1	70
85	-1	69
85	-1	67
85	-1	67
85	0	66
85	0	66
85	-1	65
85	0	65
85	0	64
85	1	64
85	1	63
86	1	63
86	1	62
86	1	62
86	1	60
86	0	59
86	0	59
86	0	59
86	0	58
86	1	58
86	0	57
86	-1	57
86	-1	57
86	-1	57
86	-1	56
86	-2	57
86	-1	56
86	0	58
86	0	59
86	0	58
86	1	57
85	1	57
85	1	59
85	2	61
84	2	64
83	2	67
83	1	71
82	1	73
81	1	75
81	0	77
81	-1	79
78	2	75
78	1	75
78	1	75
78	0	76
79	0	77
80	-1	78
80	-1	78
80	-1	78
81	-1	79
81	-1	79
81	-1	79
82	-1	78
83	-1	78
83	0	77
83	0	76
83	0	75
83	-1	73
84	-2	72
84	-2	71
84	-1	71
85	-1	71
85	-1	70
85	-1	71
85	-1	71
85	-1	73
85	-3	74
84	-3	75
84	-3	76
84	-3	76
84	-3	78
84	-4	79
84	-4	79
84	-4	79
84	-5	80
84	-5	80
84	-5	81
84	-5	81
84	-5	80
84	-4	80
84	-4	79
84	-4	79
84	-4	78
84	-4	79
85	-4	79
85	-4	79
85	-4	78
84	-3	77
84	-3	76
85	-3	75
85	-2	74
85	-2	72
85	-1	71
85	-1	71
85	-1	70
85	-1	69
85	-1	67
85	-1	67
85	-1	67
85	0	66
85	-1	66
85	0	65
85	0	64
85	0	64
85	1	63
85	1	62
86	1	62
86	1	62
86	0	61
86	0	60
86	0	60
86	0	60
86	0	59
86	0	59
86	-1	59
86	-1	59
86	-1	58
86	-1	58
86	-1	58
86	-2	58
86	-1	58
86	0	58
86	0	59
86	0	58
86	1	57
85	1	57
85	1	59
85	2	61
84	2	63
83	2	67
83	2	70
82	1	73
81	1	75
81	0	77
81	-1	79
78	2	75
78	1	75
78	1	75
78	1	76
79	0	77
80	-1	78
80	-1	78
80	-1	78
80	-1	79
81	-1	79
81	-1	78
82	-1	78
83	-1	78
83	-1	77
83	0	76
83	0	75
83	-1	74
84	-2	73
84	-2	72
84	-2	72
85	-1	71
85	-2	72
85	-1	72
85	-2	72
85	-2	73
85	-3	75
84	-3	75
84	-3	76
84	-3	77
84	-3	78
84	-4	79
84	-4	79
84	-4	80
84	-5	80
84	-5	81
84	-5	81
84	-5	81
84	-5	80
84	-4	80
84	-4	79
84	-4	79
84	-4	78
84	-4	79
85	-4	79
85	-4	79
85	-4	78
84	-3	77
84	-3	76
85	-3	75
85	-2	74
85	-2	73
85	-2	72
85	-1	71
85	-1	70
85	-1	69
85	-1	68
85	-1	68
85	-1	67
85	-1	67
85	0	66
85	0	65
85	0	64
85	0	64
85	1	63
85	1	63
85	1	62
85	1	62
86	0	62
86	0	61
86	0	61
86	0	61
86	0	61
86	0	60
86	-1	60
86	-1	59
86	-2	59
86	-2	59
86	-2	59
86	-2	59
86	-1	58
86	-1	59
86	0	59
86	0	58
86	1	57
85	1	57
85	1	59
85	2	61
84	2	63
83	2	67
83	2	70
82	1	73
81	1	74
81	0	76
81	-1	79
78	2	75
78	2	75
78	2	75
78	1	76
79	0	77
80	-1	78
80	-1	78
80	-1	78
80	-1	79
81	-1	79
81	-1	78
81	-1	78
82	-1	78
82	0	77
83	0	76
83	0	75
83	0	74
84	-1	73
84	-2	73
84	-2	73
85	-2	72
85	-2	73
85	-2	73
85	-2	73
85	-3	74
85	-3	75
84	-3	76
84	-3	77
84	-3	77
84	-3	78
84	-3	79
84	-4	79
84	-5	80
84	-5	80
84	-5	81
84	-5	81
84	-5	81
84	-5	80
84	-5	80
84	-4	79
84	-4	79
84	-4	79
84	-4	79
84	-4	79
84	-4	78
84	-4	78
84	-3	77
84	-3	75
85	-3	75
85	-3	74
85	-2	73
84	-1	71
84	-1	71
84	-1	71
85	-1	69
85	0	68
85	0	68
85	-1	67
85	-1	67
85	0	66
85	0	66
85	0	65
85	0	64
85	1	64
85	1	63
85	1	63
85	1	62
85	0	62
86	-1	63
86	-1	63
86	-1	62
86	-1	61
86	-1	60
86	-1	60
86	-1	60
86	-2	60
86	-2	60
86	-2	60
86	-2	60
86	-2	59
86	-1	59
86	0	59
86	0	58
86	1	57
85	1	57
85	2	59
85	2	61
84	2	63
83	2	67
83	1	69
82	1	73
81	1	74
81	0	77
81	-1	79
77	2	74
77	1	75
77	1	75
78	1	76
79	1	77
79	1	78
79	0	78
80	0	78
80	0	78
80	0	78
81	0	78
81	0	78
82	0	78
82	1	77
82	1	77
82	1	77
83	0	74
83	1	71
83	1	71
83	1	71
83	1	72
83	1	72
83	0	73
83	0	74
83	0	75
83	-1	75
83	-1	76
83	-1	77
83	-1	77
83	-1	79
83	-2	80
83	-2	80
83	-2	80
83	-2	80
83	-2	80
83	-3	80
83	-3	80
83	-3	80
83	-3	80
83	-4	80
83	-4	79
83	-4	79
83	-4	79
84	-4	79
84	-3	79
84	-3	78
84	-3	77
84	-2	76
84	-3	76
84	-2	75
84	-2	74
84	-1	73
84	-1	72
84	-1	71
84	0	70
84	0	69
84	0	69
84	0	69
85	-1	69
85	0	68
85	0	68
85	0	67
85	0	67
85	1	66
86	0	66
86	1	66
86	1	65
86	0	64
86	-1	63
86	-1	63
86	-1	62
86	-1	61
85	0	60
85	0	59
85	-1	59
85	-1	59
86	-1	59
86	-1	60
86	-1	60
86	-1	61
85	0	59
85	0	58
85	1	57
85	2	57
85	2	57
85	2	58
85	2	60
84	2	64
83	1	67
83	0	71
82	-1	74
82	-2	76
81	-2	78
80	0	79
76	2	74
76	2	74
77	1	74
77	1	75
79	1	77
79	1	78
79	1	78
80	0	78
80	0	78
80	1	78
81	1	78
81	1	78
81	1	77
82	1	78
82	1	78
82	1	78
82	1	75
83	2	72
83	2	72
83	2	72
83	2	73
83	1	73
83	1	74
83	1	75
83	0	75
83	0	76
83	0	76
83	0	77
83	0	77
83	-1	79
82	-1	80
82	-1	80
82	-1	80
83	-2	80
83	-2	80
83	-2	80
82	-2	80
82	-2	80
82	-2	80
82	-4	80
82	-4	80
83	-4	80
83	-3	79
83	-3	79
84	-3	79
84	-3	78
84	-3	78
84	-3	77
84	-2	76
84	-2	75
84	-2	74
84	-1	73
84	-1	73
84	-1	72
84	-1	71
84	0	70
84	0	70
84	0	70
84	0	69
84	0	69
85	0	68
85	0	68
85	1	67
85	1	67
85	1	67
86	1	67
86	1	66
86	-1	65
86	-1	64
86	-1	63
86	-1	62
85	0	61
85	0	60
85	0	59
85	0	59
85	0	59
85	0	60
85	0	60
86	-1	61
85	-1	61
85	0	60
85	1	59
85	1	58
85	2	57
85	2	57
85	2	58
85	1	61
84	1	64
83	0	68
83	-1	72
83	-1	75
82	-2	77
81	-2	78
80	0	78
76	2	74
76	2	74
76	2	74
78	1	75
79	1	77
79	1	78
79	1	78
79	1	77
80	1	77
80	1	78
81	1	78
81	1	78
81	1	77
81	1	77
82	1	78
82	1	78
83	1	75
83	1	73
83	1	73
83	1	73
83	1	74
83	1	74
83	0	75
83	0	75
83	0	76
83	0	77
83	0	77
83	0	77
84	-1	78
83	-1	79
82	-1	80
82	-1	80
82	-1	80
83	-2	80
83	-2	80
82	-2	80
82	-2	80
82	-2	80
82	-3	80
82	-3	80
82	-4	80
82	-4	80
83	-4	80
83	-3	80
83	-3	79
84	-3	79
84	-3	78
84	-3	77
84	-3	76
84	-2	75
84	-2	74
84	-2	74
84	-1	73
84	-1	73
84	0	71
84	0	70
84	0	70
84	0	70
84	0	69
84	0	68
85	1	68
85	1	67
85	1	67
85	1	66
85	1	66
85	1	66
85	1	66
86	-1	65
86	-2	65
86	-2	64
86	-1	63
85	0	61
85	0	60
85	0	60
85	0	59
85	0	60
85	0	60
85	0	60
86	-1	61
85	-1	61
85	0	60
85	1	60
85	1	59
85	1	58
85	2	58
85	2	59
85	1	61
84	1	65
83	0	69
83	-1	72
83	-2	75
82	-2	77
81	-1	78
80	0	78
76	2	74
76	2	74
76	2	74
77	2	75
78	1	77
78	1	77
79	1	77
79	1	77
80	1	77
80	1	77
80	1	77
81	1	78
81	1	77
81	1	77
81	1	77
82	1	78
82	1	76
83	0	74
83	0	75
83	0	75
83	0	75
83	0	76
83	0	76
83	0	76
83	0	77
83	-1	78
83	-1	78
83	-1	78
83	-1	78
83	-1	80
82	-1	81
82	-1	81
82	-2	81
82	-2	81
82	-2	81
82	-2	80
82	-3	80
82	-3	80
82	-3	80
82	-4	80
82	-4	81
82	-4	80
83	-3	80
83	-3	80
83	-3	79
83	-2	79
83	-2	78
83	-2	78
83	-2	77
83	-2	76
84	-1	75
84	-1	74
84	-1	74
83	0	74
83	0	72
83	0	70
84	0	70
84	0	69
84	0	69
84	1	68
84	1	68
85	1	68
85	1	67
85	1	66
85	1	65
85	1	65
85	1	65
85	-1	65
86	-1	65
85	-1	64
85	-1	63
85	-1	62
85	0	61
85	0	60
85	0	59
85	0	60
85	0	60
85	0	61
85	-1	62
85	-1	62
85	1	61
85	1	60
85	1	60
85	2	60
85	2	60
85	2	61
84	2	63
84	1	66
83	1	69
83	0	72
82	-1	75
82	-1	77
81	-1	78
80	0	78
76	3	74
76	3	74
76	3	74
77	2	75
78	1	76
78	1	77
78	1	77
79	1	77
79	1	77
80	1	77
80	1	77
81	1	77
81	1	77
81	1	78
81	1	78
81	1	77
82	1	77
83	0	76
83	0	76
83	0	76
82	0	77
82	0	77
82	0	77
82	0	77
83	-1	78
83	-1	78
83	-1	79
83	-1	79
83	-1	79
82	-1	80
82	-1	81
82	-1	81
82	-1	81
82	-2	81
82	-2	81
82	-3	81
82	-3	81
82	-3	81
82	-3	81
82	-4	81
82	-4	81
82	-4	80
83	-3	80
83	-3	80
83	-2	80
83	-2	79
83	-2	78
83	-1	78
83	-1	78
83	-1	77
83	-1	76
83	-1	76
83	-1	75
83	-1	75
83	-1	73
83	-1	71
83	0	70
83	0	70
84	1	69
84	0	69
84	1	68
84	1	67
85	1	67
85	1	66
85	1	65
85	1	64
85	1	65
85	0	65
85	-1	65
85	-1	64
85	-1	63
85	-1	62
85	0	61
85	0	60
85	0	60
85	0	60
85	0	61
85	0	61
85	-1	62
85	-1	62
85	0	62
84	2	61
84	2	61
85	1	61
85	1	62
85	1	63
84	1	65
84	1	67
83	0	70
83	0	73
82	0	75
81	-1	77
81	-1	78
80	0	78
76	3	74
76	3	74
76	3	74
76	2	75
78	1	76
78	1	76
78	1	76
78	1	76
79	1	76
79	1	77
80	1	77
80	1	77
81	1	77
81	1	78
81	1	78
81	1	78
82	0	78
82	-1	77
82	-1	77
82	-1	78
82	-1	78
82	-1	78
82	-1	78
82	-1	78
82	-1	79
83	-1	79
83	-1	79
83	-1	79
83	-1	79
82	-1	80
82	-1	81
82	-1	81
82	-1	81
82	-2	81
82	-2	81
82	-2	80
82	-3	81
82	-3	81
82	-3	81
82	-4	81
82	-4	81
82	-4	81
82	-2	80
83	-2	80
83	-2	80
83	-2	79
83	-2	79
83	-2	78
83	-2	78
83	-1	77
83	-1	77
83	-1	77
83	-1	76
83	-1	76
83	-1	75
83	-1	72
83	0	71
83	0	70
83	0	70
83	0	69
84	1	68
84	1	68
84	1	67
85	1	66
85	1	65
85	2	64
85	2	64
85	0	65
85	-1	66
85	-1	65
85	-1	64
85	-1	63
85	0	62
85	0	61
85	0	60
85	0	61
85	0	61
85	0	62
85	-1	63
85	0	63
84	0	63
84	1	63
84	1	63
84	1	63
85	1	64
85	1	65
84	1	67
83	1	69
83	0	72
82	0	74
82	0	76
81	-1	77
81	0	78
80	1	78
76	3	73
76	3	73
76	3	74
76	3	74
77	2	75
78	1	75
78	2	76
78	2	76
78	1	76
79	1	76
79	1	77
80	1	77
80	1	77
81	1	77
81	1	78
81	1	78
81	0	78
82	-1	78
82	-1	78
82	-1	78
82	-1	78
82	-1	79
82	-1	79
82	-1	79
82	-1	79
82	-1	79
82	-1	79
82	-1	79
82	-1	79
81	-1	80
81	-1	81
81	-1	81
81	-2	80
81	-2	80
81	-2	80
81	-2	80
81	-3	80
81	-3	80
81	-3	80
81	-4	80
81	-4	81
82	-4	80
82	-2	80
82	-2	80
82	-2	79
82	-2	79
82	-2	79
82	-1	79
83	-1	79
83	-1	78
83	-1	78
83	-1	78
83	-1	77
83	-1	77
83	-1	76
83	-1	73
83	-1	72
83	-1	72
83	0	71
83	0	70
83	0	69
84	1	68
84	1	67
84	1	66
84	1	66
85	1	65
85	1	64
85	0	66
85	-1	66
85	-1	66
85	-1	65
85	0	63
85	0	62
85	0	62
85	1	61
85	0	62
85	0	62
85	0	63
85	0	63
85	0	64
84	1	64
84	1	64
84	1	64
84	1	65
84	1	66
84	1	67
84	1	69
83	1	70
83	0	73
82	0	75
81	0	76
81	0	77
81	0	78
80	1	78
75	5	73
75	5	73
75	4	73
76	3	74
77	2	75
77	2	75
77	2	75
78	2	75
78	1	76
79	2	76
79	1	77
80	1	77
80	1	77
80	1	77
81	1	78
81	1	78
81	0	78
81	-1	79
81	-1	79
81	-1	79
81	-1	79
81	-1	79
81	-1	79
81	-1	79
81	-1	79
81	-1	79
81	-1	79
81	-1	79
81	-1	79
81	-1	80
81	-1	80
81	-1	80
81	-1	80
81	-2	80
81	-2	80
81	-2	80
81	-3	80
81	-3	80
81	-3	80
81	-4	80
81	-4	80
81	-4	80
82	-2	80
82	-2	80
81	-1	79
81	-1	79
82	-1	80
82	-1	79
82	-1	79
82	-1	79
82	-1	78
82	-1	78
83	-1	78
83	-1	78
83	-1	76
83	-1	74
83	-1	73
83	-1	73
83	-1	72
83	-1	71
83	0	71
83	0	70
84	0	69
84	1	67
84	1	66
84	1	66
84	1	65
85	0	66
85	0	67
85	0	67
85	0	66
85	1	64
85	1	63
85	1	63
85	1	63
85	1	63
85	1	63
85	1	64
85	0	64
85	0	65
84	0	65
84	1	65
84	0	66
84	1	67
84	1	67
84	0	69
84	1	70
83	1	72
83	0	74
82	0	75
81	0	77
81	-1	78
80	0	78
80	0	78
75	5	73
75	5	73
75	4	73
75	4	73
76	3	74
76	2	74
77	2	75
77	2	75
78	2	75
78	2	76
79	1	76
79	1	77
80	1	77
80	0	78
80	0	78
81	1	78
81	0	78
81	-1	79
81	-1	79
81	-1	79
81	-1	79
81	-1	79
81	-1	79
81	-1	79
81	-1	79
81	-1	79
81	-1	79
81	-1	79
81	-1	79
81	-1	79
81	0	80
81	0	80
81	-1	80
81	-2	80
81	-2	80
81	-2	80
81	-2	80
81	-2	80
81	-3	80
81	-4	80
81	-4	80
81	-3	80
81	-2	80
81	-2	80
81	-2	80
81	-1	80
81	-1	80
81	-1	79
81	-1	79
82	-1	79
82	-1	79
82	-1	79
83	-1	79
83	-1	79
83	-1	78
83	-2	75
83	-2	75
83	-1	74
83	-1	74
83	-1	73
83	-1	72
83	0	71
83	0	70
84	1	68
84	1	67
84	1	67
84	1	66
85	0	67
85	0	68
85	0	67
85	0	66
85	0	65
85	1	64
85	1	64
85	1	63
85	1	63
85	1	64
85	0	64
85	0	65
85	0	65
84	0	67
83	0	67
84	1	67
84	0	68
84	0	69
84	0	71
84	0	72
83	0	73
83	0	75
82	0	76
81	0	77
81	1	77
80	0	78
80	1	77
74	5	73
75	4	73
75	4	73
75	4	73
76	3	73
76	3	74
76	3	74
77	2	75
78	2	75
78	2	75
78	1	76
79	1	77
80	1	77
80	1	78
80	0	78
80	0	78
80	0	78
80	-1	79
80	-1	79
80	-1	79
80	-1	79
80	-1	79
80	-1	79
80	-1	79
80	-1	79
80	-1	79
80	-1	79
80	-1	79
80	-1	79
80	0	79
80	0	79
80	0	79
80	-1	79
80	-2	79
80	-2	79
80	-2	79
80	-2	79
80	-2	79
80	-2	79
80	-3	79
80	-3	79
80	-3	79
81	-2	80
81	-1	80
81	-1	80
81	-1	80
81	-1	80
81	-1	80
81	-1	80
81	-1	80
82	-1	80
82	-1	80
82	-1	80
82	-1	80
83	-2	79
83	-3	77
83	-2	77
83	-3	76
83	-2	75
83	-1	74
83	-1	73
83	-1	72
83	0	71
83	0	70
84	0	69
84	1	68
84	1	67
84	0	68
85	0	68
85	0	68
85	0	66
85	0	66
85	1	64
85	1	64
85	1	63
85	1	64
85	1	64
85	1	65
85	0	65
85	0	66
84	1	67
83	1	68
83	1	68
84	0	69
84	0	71
84	0	72
83	0	74
83	0	75
83	0	76
82	0	77
81	1	77
80	1	77
80	1	77
79	1	77
74	5	73
74	5	73
74	5	73
75	4	73
76	3	73
76	3	73
76	3	73
77	2	74
77	2	75
78	2	75
78	2	76
79	1	76
79	1	77
80	1	77
80	0	78
80	0	78
80	-1	79
80	-1	79
80	-1	79
80	-1	79
80	-1	79
80	-1	79
80	-1	79
80	-1	79
80	-1	79
80	-1	79
80	-1	78
80	-1	78
80	-1	78
80	0	78
80	0	78
80	0	78
80	0	78
80	-1	78
80	-1	78
80	-1	78
80	-1	78
80	-1	78
80	-2	78
80	-2	78
80	-3	78
80	-2	79
80	-1	80
81	0	80
81	0	80
81	0	80
81	0	80
81	0	80
81	0	80
82	0	80
82	0	80
82	-1	80
82	-1	80
82	-1	80
82	-1	79
83	-3	78
83	-3	78
83	-3	77
83	-3	76
83	-2	75
83	-1	75
83	-1	73
83	-1	72
83	0	71
83	0	70
84	0	69
84	1	69
84	0	69
85	-1	69
85	-1	68
85	0	67
85	1	65
85	1	65
85	1	64
85	1	64
85	1	65
85	1	65
85	1	65
85	0	66
84	0	66
83	0	68
83	1	69
83	1	69
83	0	71
84	0	72
84	0	74
83	0	75
83	0	75
82	1	77
81	1	77
81	1	77
80	1	78
80	1	77
79	1	77
74	6	73
74	6	73
74	6	73
75	5	73
76	3	73
76	3	73
76	3	73
76	3	74
77	3	75
78	2	75
78	1	76
78	1	76
79	1	77
80	0	78
80	0	78
80	0	78
80	0	78
80	-1	79
80	-1	79
80	-1	79
80	-1	78
80	-1	78
80	-1	78
80	-1	78
80	-1	78
80	-1	78
80	0	78
80	0	78
80	0	78
80	0	78
80	1	78
80	1	78
80	0	78
80	0	78
80	0	78
80	-1	78
80	-1	78
80	-1	78
80	-2	78
80	-3	78
80	-3	78
80	-2	78
80	-1	80
81	0	80
81	0	80
81	0	80
81	0	80
81	0	80
81	0	80
81	0	80
82	0	80
82	0	80
82	-1	80
82	-1	80
82	-1	80
83	-3	79
83	-3	79
83	-3	78
83	-3	77
83	-3	76
83	-2	75
83	-1	74
83	-1	73
83	-1	72
83	0	71
83	0	70
83	0	69
84	-1	69
85	-1	69
85	0	68
84	0	67
84	0	66
84	1	65
84	1	64
84	1	64
84	1	64
84	1	65
84	0	66
84	0	66
84	0	67
83	0	69
83	0	70
83	0	70
83	0	71
84	0	73
84	0	74
83	0	75
83	0	76
82	0	77
81	1	77
81	1	77
80	1	77
80	1	77
79	1	77
74	7	72
74	7	72
74	7	72
74	5	72
76	3	73
76	3	73
76	3	73
76	3	74
77	3	74
77	2	75
78	2	76
78	2	76
79	1	77
79	1	77
79	0	77
80	1	78
80	0	78
80	-1	79
80	-1	79
80	-1	79
80	-1	78
80	-1	78
80	-1	78
80	-1	78
80	-1	78
80	-1	78
80	-1	77
80	-1	77
80	-1	77
80	0	78
80	0	78
80	0	78
80	-1	77
80	-1	77
80	-1	77
80	-1	77
80	-2	78
80	-2	78
80	-2	78
80	-2	77
80	-3	77
80	-2	78
80	-1	80
80	0	80
80	0	79
81	0	79
81	0	79
81	0	80
81	0	80
81	0	80
81	0	80
81	0	80
81	0	80
81	0	80
82	-1	80
83	-2	80
82	-1	79
82	-1	79
82	-1	78
83	-1	77
83	-1	76
83	-1	75
83	-1	74
83	-1	73
83	-1	72
83	-1	70
83	0	70
84	-1	69
84	-1	69
84	-1	68
84	-1	67
84	0	67
84	0	66
84	0	66
84	0	65
84	0	66
84	0	67
84	-1	67
84	-1	68
84	-1	69
83	0	70
83	0	71
83	0	71
83	0	72
83	0	74
83	0	74
83	0	76
83	0	76
82	0	77
81	0	77
80	0	77
80	1	77
80	1	77
79	1	77
74	7	71
74	7	72
74	7	72
75	6	72
76	5	73
76	4	73
76	4	74
76	4	74
76	4	74
77	3	75
77	2	75
78	1	76
78	1	76
78	0	76
78	0	77
78	0	77
79	-1	78
80	-1	78
80	-1	78
80	-1	78
80	-1	78
80	-1	78
80	-1	78
80	-1	77
80	-1	77
80	-1	77
80	-1	77
80	-1	77
80	-1	77
79	-2	77
79	-2	77
79	-2	77
79	-2	77
79	-2	77
79	-2	77
79	-2	77
80	-2	77
80	-2	77
80	-2	77
80	-2	77
80	-3	77
80	-2	77
80	0	78
80	0	78
80	0	78
80	0	78
80	0	79
80	0	79
80	0	79
80	0	79
80	0	79
80	0	79
80	0	80
80	0	80
81	1	79
81	4	79
81	3	79
81	2	79
81	3	79
81	2	78
81	1	78
82	0	77
82	-1	75
82	-1	74
82	-1	72
82	-1	71
82	-1	70
83	-1	68
83	-1	67
83	-2	67
83	-2	67
83	-2	68
83	-2	68
84	-3	69
84	-3	70
84	-3	71
84	-3	71
84	-4	72
84	-4	73
84	-4	73
83	-1	73
83	1	73
82	1	73
82	1	74
82	0	74
81	1	74
81	1	75
81	0	75
81	0	76
80	1	76
80	0	76
80	0	76
80	0	76
79	0	77
74	7	71
74	7	71
74	7	71
75	6	72
76	5	73
76	4	73
76	4	73
76	4	74
76	4	74
77	3	75
77	3	75
78	1	75
78	1	76
78	1	76
78	0	76
78	0	77
79	-1	77
80	-1	78
80	-1	78
80	-1	78
80	-1	77
80	-1	77
80	-1	77
80	-1	77
80	-1	77
79	-1	77
79	-1	76
79	-1	76
79	-1	76
79	-2	76
79	-2	77
79	-2	77
79	-2	77
79	-2	77
79	-2	77
79	-2	77
80	-2	77
80	-2	77
80	-2	77
80	-2	77
80	-2	77
80	-2	77
80	0	77
80	0	78
80	1	78
80	0	78
80	0	78
80	0	78
80	0	78
80	0	79
80	0	79
80	0	79
80	0	79
80	0	79
80	1	79
81	4	79
81	3	79
81	2	79
81	2	79
81	2	79
81	1	78
82	0	78
82	-1	76
82	-1	75
82	-1	73
82	-1	72
82	-1	71
83	-1	69
83	-1	68
83	-1	68
83	-1	69
83	-1	69
83	-1	70
83	-2	71
83	-2	72
84	-3	73
84	-3	73
84	-3	74
84	-3	74
84	-3	74
83	0	74
82	1	74
82	1	74
82	1	74
82	0	75
81	0	75
81	0	75
81	0	76
81	0	76
80	0	76
80	0	76
80	0	76
80	0	77
79	-1	77
74	7	71
74	7	71
74	7	71
75	6	72
75	6	73
76	5	73
76	5	73
76	4	73
76	4	74
77	3	75
77	3	75
77	2	75
78	1	76
78	0	76
78	0	77
78	0	77
79	-1	77
79	-1	78
79	-1	77
79	-1	77
79	-1	77
79	-1	77
79	-1	77
79	-1	77
79	-1	77
79	0	76
79	0	76
79	0	76
79	0	76
79	-1	76
79	-2	77
79	-2	76
79	-2	76
79	-2	76
79	-2	76
79	-2	77
79	-2	77
79	-2	77
79	-2	77
79	-2	77
79	-2	77
80	-1	77
80	0	78
80	0	78
80	1	77
80	1	78
80	1	78
80	1	78
80	0	78
80	0	78
80	0	79
80	0	79
80	0	79
80	0	79
80	1	79
81	3	79
81	3	79
81	2	80
81	2	79
81	1	79
81	1	79
82	0	78
82	-1	77
82	-1	76
82	-2	75
82	-2	73
82	-1	72
82	-1	70
83	0	69
83	0	69
83	0	70
83	-1	71
83	-1	71
83	-1	72
83	-1	72
83	-1	73
83	-1	74
83	-2	74
83	-2	75
83	-2	75
83	-1	75
83	0	75
83	0	75
82	0	75
81	0	75
81	0	76
81	0	76
81	0	76
81	0	77
80	0	76
80	0	77
80	0	77
80	0	77
79	-1	77
74	8	71
74	8	71
74	8	71
74	7	72
75	6	73
75	5	73
75	5	73
76	5	73
76	4	74
76	4	74
77	3	75
77	2	75
78	1	76
78	1	76
78	1	77
78	1	77
79	0	77
79	-1	77
79	-1	77
79	-1	77
79	-1	77
79	-1	77
79	-1	77
79	-1	77
79	0	76
79	0	76
79	0	76
79	0	76
79	0	76
79	-1	76
79	-1	76
79	-1	76
79	-1	76
79	-1	76
79	-1	76
79	-1	76
79	-1	76
79	-1	76
79	-1	76
80	-1	76
80	-1	76
79	0	77
79	1	77
79	1	77
79	1	77
80	1	77
80	1	78
80	1	78
80	1	78
80	0	78
80	0	78
80	0	79
80	0	79
80	0	79
80	1	79
81	2	79
81	2	80
81	2	80
81	2	80
81	1	79
81	0	79
81	-1	78
81	-1	78
81	-1	77
81	-1	76
82	-2	75
82	-2	74
82	-1	73
83	0	71
83	0	71
83	0	72
83	0	72
83	0	73
83	0	73
83	-1	74
83	-1	75
83	-1	75
83	-1	75
83	-2	76
83	-2	76
83	-1	76
83	0	76
83	0	76
82	0	76
81	0	76
81	0	76
81	0	77
81	0	77
81	0	77
80	0	77
80	0	77
80	0	77
80	0	77
78	-1	76
74	8	71
74	8	71
74	8	71
74	8	71
75	7	73
75	6	73
75	6	73
75	5	73
76	4	74
76	4	74
77	3	75
77	3	75
78	2	76
78	1	76
78	1	76
78	1	76
78	1	77
79	0	77
79	0	77
79	0	77
79	0	77
79	0	77
79	0	77
79	0	76
79	0	76
79	0	76
79	0	76
79	0	76
79	0	76
78	0	76
78	-1	76
78	-1	76
78	-1	76
78	-1	76
79	-1	76
79	-1	76
79	-1	76
79	-1	76
79	-1	76
79	-1	76
79	-1	76
79	0	77
79	1	77
79	1	77
79	1	77
79	1	77
79	1	77
79	1	77
79	1	78
79	1	78
79	1	78
79	1	78
79	1	78
79	1	78
80	1	79
80	2	79
80	2	79
80	2	80
81	1	80
81	0	80
81	0	80
81	-1	79
81	-1	79
81	-2	78
81	-1	77
81	-2	76
81	-2	75
82	0	74
82	1	74
82	1	74
82	1	74
83	0	75
83	0	75
83	0	75
83	0	75
83	0	76
83	0	76
83	0	77
83	0	77
83	0	77
82	0	77
82	0	77
82	0	77
82	0	77
81	0	77
81	-1	77
81	-1	77
81	-1	77
80	0	77
80	0	77
80	0	78
80	0	77
79	0	77
78	-1	76
73	8	70
73	8	70
73	8	70
74	7	71
74	7	72
75	7	73
75	6	73
75	6	73
76	5	73
76	4	74
76	4	75
77	3	75
77	3	75
78	2	76
78	2	76
78	2	76
78	1	77
79	0	77
79	0	77
79	0	77
79	0	77
79	0	77
79	0	76
79	0	76
78	1	76
78	1	76
78	1	76
78	1	76
78	1	75
78	0	76
78	0	76
78	0	76
78	0	76
78	-1	76
78	-1	76
78	0	76
78	0	76
78	0	76
79	-1	76
79	-1	76
79	0	76
79	0	76
79	1	77
78	1	76
78	1	76
78	1	76
78	1	77
78	1	77
79	1	77
79	1	77
79	1	77
79	1	77
79	1	77
79	1	77
79	1	78
80	2	79
80	1	79
80	1	79
80	0	80
80	0	80
81	-1	80
81	-1	80
81	-2	79
81	-2	78
81	-2	78
81	-2	77
81	-2	77
82	0	76
82	1	76
82	1	76
82	1	76
82	1	76
82	1	76
82	1	76
82	1	76
82	1	77
82	1	77
82	1	78
82	1	78
82	1	78
82	0	78
82	-1	78
82	-1	78
81	-1	78
81	-1	78
81	-1	78
81	0	78
80	0	78
80	0	78
80	0	78
79	0	77
79	0	77
79	0	77
78	0	76
73	9	70
73	9	70
73	9	70
73	9	71
74	7	72
74	7	72
75	7	72
75	7	73
75	6	73
76	5	74
76	4	74
76	4	75
77	4	75
77	3	75
77	2	76
77	2	76
78	1	76
78	1	77
78	1	77
78	1	77
78	1	77
78	1	77
78	1	77
78	1	76
78	1	76
78	1	76
78	1	75
78	1	75
78	1	75
78	1	76
78	1	76
78	1	76
78	1	76
78	1	76
78	0	76
78	1	76
78	1	76
78	1	76
78	1	76
78	0	76
79	0	76
79	0	76
78	1	76
78	2	76
78	1	76
78	1	76
78	1	76
78	1	77
78	1	77
78	1	77
78	1	77
78	1	77
79	1	77
79	1	77
79	1	78
79	1	78
79	1	78
80	0	79
80	0	79
80	0	79
80	0	79
81	-1	80
81	-1	79
81	-1	79
81	-1	78
81	-1	78
81	-1	77
81	1	77
81	2	77
81	2	77
81	2	77
81	2	77
81	2	77
82	1	77
82	1	78
82	1	78
82	1	78
82	1	78
82	1	78
82	0	78
82	0	78
82	-1	79
82	-1	79
81	-1	78
81	-1	78
81	0	78
80	0	78
80	0	78
80	0	78
79	0	77
79	0	77
79	0	77
78	0	77
78	0	76
73	10	70
73	10	70
73	10	70
73	9	70
74	8	72
74	7	72
75	7	72
75	7	73
75	6	73
75	6	73
76	5	74
76	4	74
76	4	75
77	3	75
77	3	75
77	3	75
78	2	76
78	2	77
78	2	77
78	2	77
78	2	77
78	2	76
78	2	76
78	2	76
78	2	76
78	2	76
78	2	76
78	2	75
78	2	75
78	1	75
78	1	75
78	1	75
78	1	75
78	1	75
78	1	75
78	1	75
78	1	75
78	1	75
78	1	76
78	1	76
78	1	75
78	1	76
78	2	75
78	2	75
78	1	76
78	1	76
78	1	76
78	1	76
78	1	76
78	1	76
78	1	77
78	1	77
78	1	77
78	1	77
78	1	77
78	2	77
78	2	78
79	1	78
79	0	79
80	0	79
80	0	79
80	0	79
80	0	80
81	-1	79
81	-1	79
81	-1	79
81	0	78
81	1	78
81	1	78
81	1	78
81	1	78
81	1	78
81	1	78
81	1	78
81	1	78
81	1	78
81	1	78
81	1	78
81	1	78
81	1	78
81	-1	79
81	-1	79
81	-1	79
81	-1	78
81	0	78
80	0	78
80	0	78
80	0	78
79	0	77
79	0	77
79	0	77
78	0	77
78	0	76
78	0	76
73	10	70
73	10	70
73	10	70
73	10	71
74	9	71
74	9	72
74	8	72
75	7	72
75	7	73
75	6	73
75	6	73
76	5	74
76	4	75
76	4	75
77	3	75
77	3	75
77	2	76
78	2	77
78	2	77
78	2	77
78	2	76
78	2	76
78	2	76
78	2	76
78	2	76
78	3	75
78	3	75
78	3	75
78	3	75
78	2	75
78	1	75
78	1	75
78	1	75
78	1	75
78	1	75
78	1	75
78	1	75
78	1	75
78	1	76
78	1	76
78	1	75
78	1	75
78	2	75
78	2	75
78	2	75
78	2	75
78	2	76
78	2	76
78	2	76
78	1	76
78	1	76
78	1	77
78	1	77
78	1	77
78	1	77
78	1	77
78	1	77
78	1	77
78	1	78
79	0	79
80	0	79
80	0	79
80	0	79
80	0	80
80	0	79
80	0	79
80	0	78
81	0	78
81	0	78
81	0	78
81	0	78
81	0	78
81	0	78
81	0	78
81	0	78
81	0	78
81	0	78
81	0	78
81	0	78
81	0	78
81	-1	78
81	-1	79
81	-1	79
81	-1	78
80	0	78
80	0	78
80	0	78
79	0	77
79	0	77
79	0	77
78	0	77
78	0	77
78	0	76
77	0	75
72	10	70
73	10	70
73	10	70
73	10	70
74	9	71
74	9	72
74	9	72
74	8	72
75	7	72
75	7	73
75	6	73
76	5	74
76	5	74
76	4	75
76	4	75
77	3	75
77	3	75
78	2	76
78	2	76
78	2	76
78	2	76
78	2	76
78	2	76
78	2	75
78	2	75
77	3	75
77	3	75
77	3	75
77	3	75
77	2	75
77	2	75
77	2	75
77	1	75
78	2	75
78	2	75
78	1	75
78	2	75
78	2	75
78	2	75
78	2	75
78	2	75
78	2	75
77	2	75
77	2	75
77	2	75
77	2	75
77	2	75
77	2	75
77	2	75
78	1	76
78	1	76
78	1	76
78	1	76
78	1	76
78	1	76
78	1	76
78	1	76
78	1	76
78	0	77
79	0	78
79	0	79
79	0	79
80	0	79
80	0	79
80	0	79
80	0	79
80	0	78
80	0	78
81	-1	78
81	-1	78
81	-1	78
80	0	78
80	0	78
80	0	78
80	0	78
80	0	78
80	0	78
80	0	78
80	0	78
81	0	78
81	-1	78
81	-1	78
81	-1	78
81	-1	78
80	0	78
80	0	77
80	0	77
79	0	77
79	0	76
78	0	76
78	0	76
78	1	76
78	0	75
77	0	75
72	10	70
72	10	70
72	10	70
73	10	70
74	9	71
74	10	71
74	9	72
74	9	72
74	8	72
75	7	73
75	6	73
75	6	74
76	6	74
76	5	74
76	4	75
76	4	75
77	3	75
78	2	76
78	2	76
78	2	76
78	2	76
78	2	76
77	3	75
77	3	75
77	3	75
77	3	75
77	3	75
77	3	75
78	3	75
77	2	75
77	2	75
77	2	75
77	2	75
77	2	75
77	2	75
78	2	75
78	2	75
78	2	75
78	2	75
78	2	75
78	2	75
78	2	75
77	2	74
77	2	74
77	2	75
77	2	75
77	2	75
77	2	75
77	2	75
77	2	76
77	2	76
77	2	76
78	1	76
78	1	76
77	1	76
77	1	75
77	1	75
78	1	76
78	0	76
78	0	77
79	0	78
79	0	79
79	0	79
80	0	79
80	0	79
80	1	79
80	1	79
80	0	78
80	-1	78
80	-1	78
80	-1	78
80	-1	78
80	-1	78
80	-1	78
80	-1	78
80	-1	78
80	0	77
80	0	77
80	0	77
80	-1	77
81	-1	78
81	-1	78
81	-1	78
80	0	78
80	0	77
80	0	77
79	0	77
79	0	76
79	0	76
78	1	76
78	1	75
78	1	75
78	1	75
77	0	75
72	10	70
72	10	70
72	10	70
73	10	70
73	10	71
74	10	71
74	9	72
74	9	72
74	8	72
75	7	73
75	7	73
75	6	74
76	6	74
76	5	74
76	4	75
76	4	75
77	3	75
78	2	76
78	2	76
78	2	76
78	2	76
78	2	76
77	3	75
77	3	75
77	3	75
77	3	75
77	3	75
77	3	75
78	3	75
77	2	75
77	2	75
77	2	75
77	2	75
77	2	75
77	2	75
78	2	75
78	2	75
78	2	75
78	2	75
78	2	75
78	2	75
78	2	75
77	2	74
77	2	74
77	2	75
77	2	75
77	2	75
77	2	75
77	2	75
77	2	76
77	2	76
77	2	76
78	1	76
78	1	76
77	1	75
77	0	74
77	0	75
77	1	75
78	1	76
78	0	77
78	-1	78
79	0	78
79	0	79
80	1	79
80	1	79
80	1	79
80	1	79
80	0	78
80	-1	78
80	-1	78
80	-1	78
80	-1	78
80	-1	78
80	-1	78
80	-1	78
80	-1	77
80	-1	77
80	-1	77
80	-1	77
80	-1	77
81	-1	78
81	0	78
81	0	78
80	0	78
80	0	77
80	0	77
79	0	76
79	0	75
78	1	76
78	1	75
78	1	75
77	1	74
77	1	75
77	0	75
72	11	69
72	11	69
72	11	69
72	10	70
73	10	71
73	10	71
74	9	71
74	9	72
74	9	72
74	8	72
75	7	73
75	7	73
75	6	73
76	5	74
76	5	74
76	5	74
76	4	74
77	3	75
77	3	75
77	3	75
77	2	75
77	2	75
77	3	75
77	3	75
77	3	75
77	3	75
77	3	75
77	3	75
77	3	75
77	2	75
77	2	75
77	2	75
77	2	75
77	2	75
77	2	75
77	2	75
77	2	75
77	2	75
77	2	75
77	2	75
77	2	75
77	3	75
77	3	74
77	3	74
77	3	74
77	3	74
77	3	74
77	3	75
77	2	75
77	2	75
77	2	75
77	2	75
77	1	75
77	1	75
77	2	75
77	3	74
77	2	74
77	2	75
78	2	76
78	1	76
78	1	77
78	1	77
79	1	77
79	1	77
79	2	77
79	1	78
79	1	78
80	1	78
80	0	78
80	0	78
80	0	78
80	0	78
80	0	78
80	0	78
80	0	77
80	0	77
80	0	77
80	1	77
80	1	77
80	1	77
80	0	77
80	0	77
80	1	77
80	0	77
79	0	77
79	0	76
79	1	76
78	1	76
78	1	75
78	1	75
78	2	74
77	2	74
77	2	74
76	2	74
71	12	68
71	12	68
71	12	68
72	12	69
72	10	70
73	10	70
73	10	70
73	9	71
74	9	71
74	9	71
74	8	72
74	7	72
74	7	72
75	7	72
75	6	73
75	6	73
76	5	73
76	4	74
76	4	74
77	3	74
77	3	74
77	3	74
77	3	75
77	3	75
77	3	75
77	2	75
77	2	75
77	3	75
78	2	75
77	3	75
78	3	75
78	3	75
77	3	74
77	3	74
77	3	74
77	3	74
77	3	74
77	3	74
77	3	74
77	3	74
77	3	74
76	4	74
76	4	74
76	5	73
76	4	74
76	4	74
76	4	74
76	4	74
76	3	74
76	3	74
76	3	74
76	2	74
77	1	74
77	1	74
77	3	74
77	5	74
77	4	75
77	4	74
77	4	74
78	3	75
78	3	75
78	2	76
78	2	76
78	2	75
78	2	76
78	1	76
78	0	76
79	1	77
80	2	78
80	2	78
80	2	78
80	2	78
80	2	78
80	2	77
80	2	77
79	3	77
79	3	77
79	3	77
79	3	77
80	2	77
79	2	77
79	1	77
79	1	77
79	1	76
78	1	76
78	2	76
78	2	75
78	2	75
78	2	75
77	2	75
77	2	75
77	2	75
76	3	74
76	3	73
71	12	68
71	12	68
71	12	68
72	11	69
72	10	70
73	10	70
73	10	70
73	10	70
73	10	71
74	9	71
74	8	71
74	7	72
74	7	72
75	6	72
75	6	72
75	6	73
76	5	73
76	4	74
76	4	74
76	4	74
77	3	74
77	3	74
77	3	75
77	3	75
77	3	75
77	3	75
77	2	75
77	3	75
78	2	75
77	3	75
78	3	75
78	3	75
77	3	74
77	3	74
77	3	74
77	3	74
77	3	74
77	3	74
77	3	74
77	3	74
77	3	74
76	4	74
76	5	74
76	5	73
76	4	74
76	4	74
76	4	74
76	4	74
76	3	74
76	3	74
76	3	74
76	2	74
77	1	74
77	1	74
77	3	74
77	5	74
77	4	74
77	4	74
77	4	74
78	3	75
78	3	75
78	3	75
78	2	76
78	2	75
78	2	76
78	1	76
78	0	76
79	1	77
79	2	78
79	2	78
79	2	78
79	2	78
79	1	78
79	1	78
79	1	77
79	2	77
79	2	77
79	2	77
79	2	77
79	2	77
79	1	77
79	1	77
79	1	77
79	1	76
78	2	75
78	2	75
78	2	75
78	2	75
77	2	75
77	2	75
77	2	75
77	2	75
76	3	74
76	4	73
70	13	68
70	13	68
70	13	68
71	12	68
72	10	70
72	11	70
72	11	70
73	10	70
73	10	71
73	9	71
74	9	71
74	8	71
74	7	72
74	7	72
75	6	72
75	7	72
76	5	73
76	4	73
76	4	73
76	3	73
76	4	74
77	3	74
77	3	74
77	3	74
77	3	74
77	3	75
77	3	75
77	3	75
77	2	75
77	3	74
77	3	74
77	3	74
77	3	74
77	3	74
77	3	74
77	3	74
77	3	74
77	3	74
76	3	74
76	3	74
76	3	74
76	4	74
76	5	74
76	6	74
76	5	73
76	4	73
76	4	73
76	4	74
76	3	74
76	3	73
76	3	73
76	2	74
76	2	73
76	2	73
77	3	74
77	5	74
77	4	74
77	4	74
77	4	74
77	3	75
77	3	75
78	2	75
78	2	75
78	2	75
78	1	76
78	1	76
78	1	76
78	1	77
79	1	78
79	1	78
79	1	78
79	1	77
79	1	77
79	1	77
79	1	77
79	1	77
79	1	76
79	1	76
79	1	76
79	1	76
79	1	76
79	1	76
79	1	76
79	2	76
78	2	75
78	2	75
78	2	75
77	2	75
77	2	74
77	2	75
76	2	74
76	2	74
76	3	74
76	4	72
71	13	68
71	13	68
71	13	68
71	13	68
72	12	70
72	11	70
72	11	70
72	11	70
73	10	70
73	9	71
74	9	71
74	9	71
74	7	72
74	7	72
74	7	72
74	7	72
75	5	73
76	4	73
76	4	73
76	4	73
76	4	74
76	4	74
77	3	74
77	3	74
77	3	74
77	3	75
77	3	75
77	3	75
77	3	75
77	3	74
77	3	74
77	3	74
77	3	74
77	3	74
77	3	74
77	3	74
77	3	74
77	3	74
76	3	74
76	3	74
76	3	74
76	4	74
76	5	73
76	6	74
76	5	73
76	5	73
76	4	73
76	4	73
76	4	73
76	3	73
76	3	73
76	3	73
76	2	73
76	2	73
76	4	74
77	5	74
77	5	74
77	4	74
77	4	74
77	3	75
77	3	75
77	3	75
78	2	75
78	2	75
78	2	76
78	1	76
78	1	76
78	0	76
79	0	77
79	0	77
79	0	77
79	0	77
79	0	77
79	0	77
79	0	77
79	0	76
79	0	76
79	0	76
79	0	76
78	1	76
78	1	76
79	2	76
79	2	76
78	2	75
78	2	75
78	2	75
78	2	75
77	2	74
76	3	74
76	3	74
76	3	74
76	3	74
76	3	73
76	5	72
70	14	67
70	14	67
70	14	67
71	13	68
72	11	69
72	12	70
72	12	70
72	11	70
72	11	70
73	10	70
73	9	71
73	9	71
74	9	71
74	8	71
74	7	72
74	7	72
75	6	72
76	5	73
76	5	73
76	4	73
76	4	73
76	4	73
76	4	73
76	4	74
76	4	74
76	4	74
76	4	75
77	4	75
77	4	75
77	4	74
76	4	74
76	4	74
76	4	74
76	4	74
76	4	74
76	4	74
76	4	74
76	4	74
76	4	74
76	4	74
76	4	74
76	4	74
76	6	73
76	6	73
76	6	73
76	5	73
76	5	73
76	4	73
76	4	73
76	4	73
76	4	73
76	3	73
76	3	73
76	3	73
76	4	73
76	6	74
77	5	74
77	4	74
77	4	74
77	4	74
77	3	74
77	3	75
77	3	75
78	2	75
78	2	75
78	2	75
78	1	75
78	0	76
79	-1	77
79	-1	77
79	-2	77
79	-2	77
79	-2	77
79	-2	77
79	-1	76
78	-1	76
78	-1	76
78	-1	75
78	-1	75
78	0	75
78	1	75
78	2	75
78	2	75
78	2	75
78	2	75
78	2	75
77	3	74
76	3	74
76	3	73
76	3	73
76	3	73
76	3	73
76	3	73
75	5	72
70	14	67
70	14	67
70	14	67
71	13	68
71	12	69
72	11	69
72	12	70
72	12	70
72	11	70
72	11	70
73	10	70
73	10	71
73	9	71
73	9	71
74	8	71
74	8	71
75	7	72
75	5	73
75	5	73
76	5	73
76	5	73
76	5	73
76	5	73
76	5	74
76	4	74
76	5	74
76	5	74
76	5	74
76	4	75
76	5	74
76	5	73
76	5	73
76	5	73
76	5	73
76	5	74
76	5	74
76	5	74
76	5	74
76	4	74
76	5	73
76	5	73
76	5	73
76	6	73
76	6	73
76	6	73
76	6	73
75	6	73
76	5	73
76	5	73
76	5	73
76	5	73
76	3	73
76	3	73
76	3	73
76	4	73
76	6	73
77	5	74
76	4	74
76	4	74
77	4	74
77	3	74
77	3	74
77	3	75
77	2	75
77	2	75
78	2	75
78	1	75
78	-1	76
78	-2	76
78	-2	76
78	-2	76
78	-2	76
78	-2	76
78	-2	76
78	-2	76
78	-2	75
78	-1	75
78	-1	75
78	-1	75
78	-1	75
78	1	75
78	2	75
78	2	75
78	2	75
77	2	74
77	2	74
76	3	74
76	3	73
76	3	73
76	3	73
76	3	73
76	3	73
75	3	72
75	5	71
70	14	67
70	14	67
70	14	67
70	14	68
71	13	69
71	13	69
71	12	69
72	11	69
72	12	70
72	11	70
72	11	70
73	10	70
73	9	71
73	9	71
73	9	71
73	9	71
74	7	72
75	6	72
75	6	72
75	6	73
75	6	73
76	5	73
76	5	73
76	5	74
76	6	74
76	5	74
76	5	74
76	5	74
76	5	74
76	5	74
76	5	73
76	5	73
76	5	73
76	5	73
76	6	73
76	5	73
76	5	73
76	5	73
76	5	73
75	5	73
75	5	73
75	6	73
75	6	73
75	7	73
75	7	73
75	7	73
75	6	73
75	6	72
75	5	73
75	5	73
75	5	73
75	5	72
75	4	73
75	4	73
76	5	73
76	6	73
76	5	73
76	4	74
76	4	74
76	4	74
77	3	74
77	3	74
77	3	74
77	2	75
77	2	75
77	2	75
78	1	75
78	0	76
78	-2	76
78	-2	76
78	-2	76
78	-2	76
78	-1	75
78	-1	75
78	-1	75
78	-1	75
78	-1	75
78	-1	75
78	-1	75
78	-1	75
78	1	75
78	2	75
77	3	74
77	3	74
77	2	74
76	3	74
76	3	73
76	3	73
76	3	73
76	3	73
75	3	72
75	4	72
75	4	72
74	5	71
70	15	67
70	15	67
70	15	67
70	15	68
70	14	69
71	13	69
71	13	69
71	13	69
72	11	69
72	12	70
72	11	70
72	10	70
73	10	71
73	10	71
73	9	71
73	9	71
74	8	71
75	6	72
75	7	72
75	7	72
75	6	73
75	6	73
75	6	73
75	6	73
76	6	74
76	6	74
76	6	74
76	6	74
76	6	74
76	6	73
76	6	73
76	6	73
76	6	73
76	6	73
76	6	73
75	6	73
75	6	73
75	6	73
75	6	73
75	6	73
75	6	73
75	6	73
75	7	73
75	7	73
75	7	73
75	7	72
75	7	72
75	7	72
75	7	72
75	5	72
75	5	72
75	5	72
75	4	72
75	4	72
75	5	73
76	6	73
76	5	73
76	4	73
76	4	73
76	4	73
76	3	74
77	3	74
77	3	74
77	2	75
77	2	75
77	2	75
77	1	75
77	0	75
78	-1	76
78	-1	76
78	-1	76
78	-1	76
78	0	75
78	0	75
78	0	75
78	0	75
78	0	74
78	0	74
78	0	74
78	0	74
77	2	74
77	3	74
77	3	74
76	3	74
76	3	74
76	3	73
76	3	73
76	3	72
75	3	72
75	4	72
75	4	72
74	4	72
74	4	71
74	5	70
70	15	67
70	15	67
70	15	67
70	15	68
70	14	68
70	14	69
71	13	69
71	13	69
71	13	69
71	12	69
72	11	70
72	12	70
72	10	70
72	10	71
73	9	71
73	9	71
74	8	71
74	7	72
74	7	72
75	7	72
75	7	72
75	7	73
75	6	73
75	6	73
76	6	73
76	6	74
76	6	74
76	6	74
76	6	74
76	6	73
76	6	73
76	6	73
76	6	73
76	6	73
76	6	73
75	6	73
75	6	73
75	6	73
75	6	73
75	6	73
75	6	73
75	6	73
75	8	72
75	8	72
75	8	72
75	7	72
75	7	72
75	7	72
74	7	72
75	6	72
74	6	72
74	6	72
75	5	72
75	5	72
75	5	72
76	6	73
76	5	73
76	4	73
76	4	73
76	4	73
76	4	73
76	3	74
76	3	74
76	3	74
77	2	75
77	2	75
77	1	75
77	1	75
77	1	75
77	1	75
77	1	75
77	1	75
77	1	75
77	1	75
77	2	74
77	2	74
77	2	74
77	2	74
77	2	74
77	2	74
77	2	74
76	3	73
76	3	73
76	3	73
76	3	73
76	3	73
75	3	72
75	4	72
75	4	72
74	4	72
74	4	71
74	4	71
74	4	71
74	5	70
70	16	67
70	16	67
70	16	67
70	15	67
70	14	68
70	14	69
70	14	69
70	14	69
71	13	69
71	13	69
71	12	69
72	11	70
72	10	70
72	10	71
72	10	71
72	10	70
73	9	71
74	7	72
74	7	72
74	7	72
75	7	72
75	7	73
75	7	73
75	6	73
75	7	73
75	7	73
76	6	74
76	6	74
76	6	74
76	6	73
76	6	73
76	6	73
75	7	73
75	7	73
75	7	73
75	6	73
75	7	73
75	7	73
75	6	73
75	6	73
75	6	73
75	7	73
75	8	72
75	8	72
75	8	72
75	8	72
75	7	72
75	7	72
74	7	72
75	6	72
75	6	72
74	6	72
75	5	72
75	5	72
75	5	72
76	6	73
75	6	73
76	5	73
76	5	73
76	4	73
76	4	73
76	4	74
76	3	74
76	3	74
76	3	74
77	2	74
77	1	74
77	2	75
76	3	75
76	3	75
76	3	75
76	3	74
76	3	74
76	3	74
76	3	74
76	3	74
76	3	73
76	3	73
76	3	73
76	3	73
76	3	73
76	3	73
76	3	73
76	3	73
76	3	73
75	3	72
75	4	72
75	4	72
74	4	72
74	4	71
74	4	71
74	4	71
74	5	71
74	5	70
70	16	67
70	16	67
70	16	67
70	16	67
70	14	68
70	14	68
70	14	69
70	14	69
71	13	69
71	13	69
71	12	69
72	11	69
72	11	70
72	11	70
72	10	71
72	10	71
73	9	71
74	7	71
74	7	72
74	7	72
75	7	72
75	7	72
75	7	72
75	7	73
75	7	73
75	7	73
75	7	73
75	7	73
75	7	74
75	7	73
75	7	73
75	7	73
75	7	73
75	7	73
75	7	73
75	7	73
75	7	73
75	7	73
74	7	73
74	7	73
74	7	73
75	7	72
74	8	72
74	8	72
74	8	72
74	8	72
74	8	72
74	7	72
74	7	72
74	7	72
74	7	72
74	6	72
74	5	72
74	5	72
75	5	72
76	6	73
75	5	73
76	5	73
76	5	73
76	5	73
76	4	73
76	3	73
76	3	74
76	3	74
76	2	74
76	2	74
76	2	74
76	2	75
76	4	75
76	4	75
76	4	74
76	4	74
76	4	74
76	4	74
76	4	74
76	4	74
76	4	73
76	4	73
76	4	73
76	4	73
76	3	73
76	3	73
76	3	73
76	3	73
76	4	72
75	3	72
75	4	72
74	4	71
74	4	71
74	4	71
74	4	71
74	4	70
74	5	70
73	5	70
70	16	67
70	16	67
70	16	67
70	16	67
70	15	68
70	14	68
70	14	68
70	14	69
70	14	69
71	13	69
71	12	69
72	11	69
72	12	70
72	11	70
72	10	70
72	10	71
73	9	71
74	7	71
74	7	71
74	7	72
75	7	72
75	7	72
75	7	72
75	7	72
75	7	73
75	7	73
75	7	73
75	7	73
75	7	74
75	7	73
75	7	73
75	7	73
75	7	73
75	7	73
75	7	73
75	7	73
75	7	73
75	7	73
74	7	73
74	7	73
74	7	73
74	7	72
74	9	72
74	9	72
74	8	72
74	8	72
74	8	72
74	7	72
74	7	72
74	7	72
74	7	72
74	6	72
74	5	72
74	5	72
74	6	72
76	6	72
75	5	73
76	5	73
76	5	73
76	5	73
76	4	73
76	4	73
76	3	73
76	3	74
76	3	74
76	2	74
76	2	74
76	3	75
76	4	75
76	4	75
76	4	74
76	4	74
76	4	74
76	4	74
76	4	74
76	4	73
76	5	73
76	5	73
76	5	73
76	4	73
76	3	73
76	3	73
76	3	73
76	4	72
75	4	72
75	4	72
75	4	71
74	4	71
74	4	71
74	4	71
74	4	71
74	5	70
73	5	70
73	5	70
70	16	65
70	17	66
70	17	66
70	16	66
70	16	67
70	15	67
70	15	67
70	15	67
70	14	68
70	14	68
71	13	68
71	13	69
71	12	69
71	12	69
72	11	69
72	10	69
72	9	70
72	8	70
73	8	70
73	8	71
73	8	71
74	8	71
74	8	71
74	8	71
74	7	72
74	7	72
74	7	72
74	7	72
74	7	73
74	7	73
74	7	73
74	7	73
74	7	73
74	7	73
74	7	73
74	7	73
74	7	73
74	7	73
74	7	73
74	7	73
74	7	73
74	7	73
74	8	72
74	8	72
74	8	72
74	8	72
74	8	71
74	8	71
74	8	71
74	8	71
74	8	71
74	7	71
74	7	72
74	7	72
74	7	72
75	7	73
75	6	73
75	6	72
75	6	72
75	5	73
76	5	73
76	4	73
76	4	73
76	3	73
76	3	73
76	2	73
76	2	73
76	3	73
76	4	74
76	4	74
76	4	74
76	4	74
76	4	73
76	4	73
76	4	73
76	4	73
76	4	73
76	5	73
76	5	73
76	5	73
76	3	72
75	3	72
75	2	72
75	3	72
75	4	71
74	4	71
74	4	71
74	5	71
74	5	70
73	6	70
74	5	70
74	5	70
73	6	70
72	5	69
69	17	65
69	17	65
69	17	64
70	17	65
70	16	66
70	16	67
70	16	67
70	15	67
70	14	67
70	14	67
70	14	67
71	13	68
71	12	68
71	12	68
71	12	68
71	12	69
72	10	69
72	9	70
72	9	70
72	9	70
72	9	70
73	8	70
73	8	71
73	8	71
74	8	71
74	8	71
74	8	71
74	8	71
74	7	72
74	7	72
74	7	73
74	7	73
74	7	73
74	7	73
74	7	73
74	7	73
74	7	73
74	7	73
74	7	73
74	7	73
74	7	73
74	7	73
74	8	71
74	8	71
74	8	71
74	8	71
74	8	71
74	8	71
74	8	71
74	8	71
74	8	71
74	8	71
74	8	71
74	8	71
74	7	72
75	7	72
75	7	72
75	7	72
75	7	72
75	6	72
75	5	72
76	5	73
76	5	73
76	4	72
76	3	73
76	3	73
76	3	73
75	4	73
75	4	73
75	4	73
75	4	73
75	4	73
75	4	73
75	4	73
75	4	73
75	4	73
75	4	73
75	4	73
75	4	73
75	4	73
75	3	72
75	2	72
75	2	72
75	3	71
74	4	71
74	4	71
74	5	71
74	5	70
73	6	70
73	6	70
73	7	69
73	7	70
72	7	69
71	6	69
69	16	65
69	17	65
69	17	65
69	17	65
70	16	67
70	16	67
70	16	67
70	15	67
70	14	67
70	14	67
70	14	67
70	13	68
71	12	68
71	12	68
71	12	68
71	12	68
71	11	69
72	9	70
72	9	70
72	9	69
72	9	70
72	8	70
73	8	71
73	8	71
73	8	71
74	8	71
74	8	71
74	8	71
74	7	72
74	8	73
75	8	73
75	8	73
75	8	73
75	8	73
75	8	73
75	8	73
75	8	73
75	8	73
75	8	73
75	8	73
75	8	73
74	8	73
74	9	72
74	9	71
74	9	71
74	9	71
74	9	71
74	9	71
74	9	71
74	9	71
74	9	71
74	9	71
74	9	71
74	9	71
74	8	72
75	7	72
75	7	72
75	7	72
75	7	72
75	6	72
75	5	72
75	5	72
75	5	72
76	4	72
76	4	72
76	4	72
76	4	72
75	3	72
75	4	73
75	4	73
75	4	73
75	4	73
75	4	73
75	4	73
75	4	73
75	4	73
75	4	73
75	4	73
75	4	73
75	4	73
75	3	72
75	2	72
75	2	72
74	3	71
74	4	71
74	4	71
74	5	71
73	6	70
73	6	70
73	6	70
73	7	69
73	7	70
72	7	69
70	7	68
69	16	65
69	17	65
69	17	65
69	17	65
69	17	66
70	16	67
70	16	67
70	16	67
70	15	67
70	15	67
70	14	67
70	14	67
70	13	68
70	12	68
70	12	68
70	12	68
71	11	69
71	10	69
71	10	69
72	9	69
72	10	70
72	9	70
72	8	70
73	9	70
73	9	71
73	8	71
73	9	71
74	8	71
74	9	71
74	8	72
75	8	73
75	8	73
75	8	73
75	8	73
75	8	73
75	8	73
75	8	73
75	8	73
75	8	73
75	8	73
75	8	73
74	8	72
74	9	71
74	9	71
74	9	71
74	9	71
74	9	71
74	9	71
74	9	71
74	9	71
74	9	71
74	9	71
74	9	71
74	9	71
74	9	71
74	7	72
74	7	72
74	7	72
74	7	72
75	7	72
75	6	72
75	5	72
75	5	72
75	5	72
75	5	72
75	4	72
75	4	72
75	4	72
75	4	73
75	4	73
75	4	73
75	4	73
75	4	73
75	4	73
75	4	73
75	4	73
75	4	73
75	4	73
75	4	73
75	4	73
74	4	72
74	3	71
74	3	71
74	4	71
74	4	71
74	4	71
74	5	70
73	6	70
73	7	70
73	7	70
73	7	69
72	8	69
72	8	69
70	8	68
69	16	65
69	17	65
69	17	64
69	17	65
69	17	66
69	17	66
69	16	66
69	16	66
70	16	67
70	15	67
70	14	67
70	14	67
70	14	67
70	13	68
70	13	68
70	13	68
70	11	69
71	11	69
71	10	69
71	11	69
71	11	69
72	10	70
72	10	70
72	9	70
73	9	71
73	10	70
73	9	71
73	10	71
73	10	71
74	9	72
75	8	73
75	8	73
75	8	73
75	8	73
75	8	73
75	8	73
75	8	73
75	8	73
75	8	73
75	8	73
75	8	73
75	8	72
74	9	71
73	10	71
73	10	71
73	10	71
73	10	71
73	10	71
73	10	71
73	10	71
73	10	71
73	10	71
73	10	71
73	10	71
74	9	71
74	8	71
74	8	71
74	8	71
74	8	71
74	7	71
74	7	71
74	6	71
74	6	71
74	6	71
74	5	71
75	5	71
75	5	71
75	4	72
74	5	72
74	5	72
74	5	72
74	5	72
74	5	72
74	5	72
74	5	72
74	5	72
74	5	72
74	5	72
74	5	72
74	4	72
74	4	72
74	4	71
74	4	71
74	4	71
74	4	71
73	5	70
73	6	70
73	6	70
72	7	70
72	7	69
72	8	69
72	8	69
72	8	68
70	9	68
69	17	65
69	17	65
69	17	65
69	17	65
69	17	66
69	17	66
69	17	66
69	16	66
69	16	66
70	16	67
70	15	67
70	14	67
70	14	67
70	13	68
70	13	68
70	13	68
70	12	68
70	12	68
70	12	68
71	12	68
71	11	69
71	11	69
72	11	69
72	11	69
72	11	70
72	11	70
72	11	70
73	11	70
73	11	70
74	10	71
75	9	72
75	9	72
75	9	72
75	9	72
75	9	72
75	9	72
75	9	72
75	9	72
75	9	72
75	9	72
75	9	72
75	9	72
73	10	71
73	10	71
73	10	71
73	10	71
73	10	71
73	10	71
73	10	71
73	10	71
73	10	71
73	10	71
73	10	71
73	10	71
73	10	71
74	9	71
74	9	71
74	8	71
74	8	71
74	8	71
74	8	71
74	7	71
74	6	71
74	6	71
74	6	71
74	6	71
74	5	71
74	5	71
74	6	71
74	6	71
74	6	71
74	6	71
74	6	71
74	6	71
74	6	71
74	6	71
74	6	71
74	6	71
74	6	71
74	5	71
74	4	71
74	4	71
74	4	71
74	4	71
73	5	71
73	6	70
72	6	69
72	7	69
72	7	69
72	8	69
72	8	69
72	8	69
71	9	68
70	10	68
69	16	65
69	17	65
69	17	65
69	17	65
69	18	65
69	18	65
69	17	66
69	17	66
69	17	66
69	16	66
69	16	67
69	15	67
70	14	67
70	14	67
70	14	67
70	14	67
70	13	68
70	13	68
70	13	68
70	13	68
70	13	68
71	12	69
71	13	69
71	12	69
72	12	69
72	12	70
72	12	70
72	12	70
72	12	70
74	11	71
75	10	71
75	10	71
75	10	71
75	10	71
75	10	71
75	10	71
75	10	71
75	10	71
75	10	71
75	10	71
75	10	71
74	10	71
73	10	71
73	10	71
73	10	71
73	10	71
73	10	71
73	10	71
73	10	71
73	10	71
73	10	71
73	10	71
73	10	71
73	10	71
73	10	70
73	10	70
73	9	70
73	9	70
73	9	71
73	8	70
73	8	70
74	7	70
74	7	70
74	7	70
74	6	70
74	6	70
74	5	70
74	6	71
73	7	71
73	7	71
73	7	71
73	7	71
73	7	71
73	7	71
73	7	71
73	7	71
73	7	71
73	7	71
73	7	71
73	6	71
73	5	71
73	5	70
73	5	70
73	5	70
73	6	70
72	6	70
72	7	70
72	7	69
72	8	69
72	8	69
71	9	68
71	9	68
71	9	68
71	10	68
68	16	65
68	17	65
68	17	65
68	17	65
68	18	65
69	19	65
69	18	65
69	18	66
69	17	66
69	17	66
69	17	66
69	16	67
69	15	67
69	15	67
69	14	67
69	14	67
69	14	67
69	14	67
69	14	67
70	14	67
70	14	67
70	14	68
70	14	68
71	13	69
71	13	69
72	13	69
72	13	69
72	13	70
72	13	70
74	11	71
74	10	71
74	10	71
74	10	71
74	10	71
74	10	71
74	10	71
74	10	71
74	10	71
74	10	71
74	10	71
74	10	71
74	10	71
73	10	70
73	10	70
73	10	70
73	10	70
73	10	70
73	10	70
73	10	70
73	10	70
73	10	70
73	10	70
73	10	70
73	10	70
73	10	70
73	10	70
72	10	70
73	9	70
73	9	70
73	9	70
73	8	70
73	8	70
73	7	70
74	7	70
73	7	70
74	6	70
74	6	70
73	7	70
73	7	71
73	7	71
73	7	71
73	7	71
73	7	71
73	7	71
73	7	71
73	7	71
73	7	71
73	7	71
73	7	71
73	7	71
73	6	70
73	5	70
73	5	70
72	6	70
72	6	69
72	7	69
72	7	69
71	8	69
71	8	69
71	9	68
71	9	68
71	9	68
71	9	68
71	10	68
68	16	65
68	17	65
68	17	65
68	18	65
68	19	65
68	19	65
68	19	65
68	19	65
68	18	66
69	17	66
69	17	66
69	17	66
69	16	67
69	15	67
69	15	67
69	15	67
69	15	67
69	15	67
69	14	67
69	14	67
70	14	67
70	15	67
70	14	68
70	14	68
70	14	68
71	14	69
71	14	69
71	14	69
72	13	69
73	12	70
74	11	70
74	11	70
74	11	70
74	11	70
74	11	70
74	11	70
74	11	70
74	11	70
74	11	70
74	11	70
74	11	70
73	11	70
73	11	70
72	11	70
72	11	70
72	11	70
72	11	70
72	11	70
72	11	70
72	11	70
72	11	70
72	11	70
72	11	70
72	11	70
72	11	70
72	10	70
72	10	70
72	10	70
72	9	70
72	9	70
72	9	70
72	9	70
73	8	70
73	8	70
73	8	70
73	7	70
73	7	70
73	7	70
73	7	70
73	7	70
73	7	70
73	7	70
73	7	70
73	7	70
73	7	70
73	7	70
73	7	70
73	7	70
73	7	70
73	7	70
72	6	70
72	5	70
72	6	70
72	6	70
72	7	69
71	7	69
71	8	69
71	8	69
71	9	68
70	9	68
70	10	68
70	10	68
71	10	68
71	9	69
68	16	65
67	17	65
67	17	64
67	18	65
68	19	65
68	19	65
68	19	65
68	19	65
68	18	65
68	18	65
69	17	66
69	17	66
69	17	66
69	16	67
69	16	67
69	15	67
69	15	67
69	16	67
69	16	67
69	16	67
69	16	67
69	15	67
69	15	67
70	15	68
70	15	67
71	15	68
71	14	69
71	14	69
71	14	69
72	12	70
73	11	70
73	11	70
73	11	70
73	11	70
73	11	70
73	11	70
73	11	70
73	11	70
73	11	70
73	11	70
73	11	70
72	11	70
72	11	70
72	11	70
72	11	70
72	11	70
72	11	70
72	11	70
72	11	70
72	11	70
72	11	70
72	11	70
72	11	70
72	11	70
72	11	70
72	11	69
72	10	69
72	10	69
72	10	70
72	10	69
72	10	69
72	10	69
72	9	69
72	8	69
72	8	69
72	8	69
72	8	69
72	8	70
72	8	70
72	8	70
72	8	70
72	8	70
72	8	70
72	8	70
72	8	70
72	8	70
72	8	70
72	8	70
72	8	70
72	8	70
72	6	70
72	6	70
72	6	70
72	7	69
71	7	69
71	8	69
71	9	69
71	9	68
70	10	68
70	10	68
70	11	68
70	11	68
70	10	68
71	8	69
68	17	65
67	17	65
67	17	65
67	18	64
67	20	65
67	20	65
67	20	65
67	19	65
68	19	65
68	18	65
68	18	66
68	17	66
68	17	66
68	17	66
69	16	67
69	15	67
69	16	67
68	17	66
69	16	66
69	17	66
69	16	67
69	16	67
69	16	67
70	16	67
70	16	67
70	16	68
70	15	68
70	15	69
70	16	68
72	13	69
72	11	70
72	11	70
72	11	70
72	11	70
72	11	70
72	11	70
72	11	70
72	11	70
72	11	70
72	11	70
72	11	70
72	11	70
72	11	70
72	11	70
72	11	70
72	11	70
72	11	70
72	11	70
72	11	70
72	11	70
72	11	70
72	11	70
72	11	70
72	11	70
72	12	70
72	11	69
71	11	69
71	11	69
71	11	69
72	11	69
72	10	69
72	10	69
72	9	69
72	9	69
72	8	69
72	8	69
72	8	69
72	8	69
72	9	70
72	9	70
72	9	70
72	9	70
72	9	70
72	9	70
72	9	70
72	9	70
72	9	70
72	9	70
72	9	70
72	8	70
72	7	69
71	6	69
71	7	69
71	7	69
71	8	69
71	8	69
70	9	68
70	10	68
70	10	68
70	11	68
70	11	68
70	11	68
70	10	68
70	9	69
68	17	65
67	18	65
67	18	64
67	18	65
67	20	65
67	20	65
67	20	65
67	19	65
68	19	65
68	19	65
68	18	66
68	17	66
68	17	66
68	17	66
68	17	66
68	16	67
68	17	66
68	17	66
68	17	66
69	17	66
69	17	67
69	17	67
69	17	67
69	16	67
70	16	67
70	16	68
70	16	68
70	16	68
70	16	68
71	13	69
72	12	69
72	12	69
72	12	69
72	12	69
72	12	69
72	12	69
72	12	69
72	12	69
72	12	69
72	12	69
72	12	69
72	12	69
72	12	69
72	12	70
72	12	70
72	12	70
72	12	70
72	12	70
72	12	70
72	12	70
72	12	70
72	12	70
72	12	70
72	12	70
72	12	69
71	12	69
71	12	69
71	12	69
71	12	69
71	11	68
72	10	69
72	10	69
72	10	69
72	9	69
72	9	69
72	8	68
72	8	68
72	9	69
72	9	69
72	9	69
72	9	69
72	9	69
72	9	69
72	9	69
72	9	69
72	9	69
72	9	69
72	9	69
72	9	69
72	9	69
72	7	69
71	7	69
71	7	69
71	7	69
71	8	69
70	9	69
70	9	68
70	10	68
70	10	68
70	10	68
70	11	67
70	11	67
70	10	68
70	8	69
68	16	65
67	17	65
67	18	65
67	19	64
67	20	64
67	20	64
67	20	64
67	19	64
67	19	65
67	19	65
67	18	65
68	18	65
68	17	66
68	17	66
68	16	66
68	16	66
68	17	66
68	18	66
68	18	66
68	18	66
68	18	66
69	18	66
69	17	67
69	17	67
69	17	67
69	17	67
70	17	68
70	17	67
70	17	68
71	15	68
71	13	69
71	13	69
71	13	69
71	13	69
71	13	69
71	13	69
71	13	69
71	13	69
71	13	69
71	13	69
72	13	69
72	13	69
72	13	69
72	13	69
72	13	69
72	13	69
72	13	69
72	13	69
72	13	69
72	13	69
72	13	69
72	13	69
72	13	69
72	13	69
71	13	69
70	12	68
70	12	68
71	12	68
71	11	68
71	11	68
71	11	68
71	11	68
71	10	68
71	10	68
71	10	68
71	9	68
72	9	68
72	9	69
72	9	69
72	9	69
72	9	69
72	9	69
72	9	69
72	9	69
72	9	69
72	9	69
72	9	69
72	9	69
72	9	69
72	9	69
71	8	69
71	7	69
71	7	69
70	8	69
71	8	69
70	10	68
70	10	68
70	10	67
70	10	68
70	11	68
69	12	67
69	12	67
69	10	67
69	8	68
68	14	65
67	15	65
68	16	65
67	18	64
65	22	64
65	22	63
66	21	63
66	21	64
66	20	64
67	19	64
67	19	64
67	18	63
67	17	64
68	16	64
68	16	64
68	16	64
68	17	65
68	18	66
68	18	66
68	18	66
68	18	66
68	18	66
68	18	66
68	18	66
69	17	67
69	18	67
69	17	67
69	17	67
69	17	67
70	15	67
70	14	68
70	14	68
70	14	68
70	13	68
70	13	68
70	14	68
70	14	68
71	13	69
71	13	69
71	13	69
72	13	69
71	13	69
71	13	68
71	13	68
71	13	68
71	13	68
71	13	68
71	13	68
71	13	68
71	13	68
71	13	68
71	13	68
71	13	68
71	13	68
71	13	68
70	13	66
70	13	66
70	13	66
70	12	67
70	12	67
70	12	67
70	12	67
70	12	67
70	11	67
70	11	67
70	11	67
71	11	68
71	11	68
71	10	69
71	10	69
71	10	69
71	10	69
71	10	69
71	10	69
71	9	69
71	9	69
71	8	69
71	8	69
71	8	69
71	8	69
71	8	68
70	9	68
70	9	68
70	10	68
70	11	68
70	11	68
70	11	67
69	12	67
69	12	66
69	13	66
69	13	67
69	13	66
68	12	66
67	9	65
68	13	65
68	14	65
68	15	65
67	17	64
65	22	63
65	22	63
65	22	63
65	21	63
66	20	63
66	19	63
67	19	63
67	18	63
67	17	63
67	17	63
68	16	63
68	16	63
68	17	65
67	18	66
67	18	66
67	18	66
68	18	66
68	18	66
68	18	66
68	18	66
68	18	66
68	18	66
68	18	66
68	18	66
68	18	66
69	16	66
69	14	67
69	14	67
70	14	67
70	14	67
70	14	68
70	14	68
70	14	68
70	14	68
71	13	69
71	13	69
71	13	69
71	13	69
71	13	68
70	14	67
70	14	67
70	14	67
70	14	67
70	14	67
70	14	67
70	14	67
70	14	67
70	14	67
70	14	67
70	14	67
70	14	67
70	13	66
70	13	66
70	13	66
70	13	66
70	13	66
70	13	67
70	13	67
70	13	67
70	12	67
70	12	67
70	13	67
70	13	67
71	12	68
70	11	69
70	11	69
70	11	69
71	10	69
71	10	69
71	10	69
71	9	68
71	9	68
71	8	68
71	8	68
71	8	68
71	8	68
70	9	68
70	10	68
70	10	68
70	11	68
70	11	67
70	11	67
69	12	67
69	12	66
69	13	66
69	13	66
68	13	66
68	13	66
68	13	65
67	11	63
